8.25217116686443e-8  0.9493563370935634
1.650434233372886e-7  0.9319442601194426
2.475651350059329e-7  0.9107365627073656
3.300868466745772e-7  0.8889714664897147
4.126085583432215e-7  0.86821499668215
4.951302700118658e-7  0.8475116124751161
5.776519816805101e-7  0.8275248838752488
6.601736933491544e-7  0.809051094890511
7.426954050177987e-7  0.7919309887193099
8.25217116686443e-7  0.7757664233576642
9.077388283550873e-7  0.7597080291970802
9.902605400237316e-7  0.7448440610484406
1.072782251692376e-6  0.7317319177173192
1.1553039633610201e-6  0.7177969475779695
1.2378256750296645e-6  0.7050033178500332
1.3203473866983088e-6  0.6926609157266091
1.4028690983669532e-6  0.6811944260119442
1.4853908100355973e-6  0.6699402786994028
1.5679125217042417e-6  0.6596682149966822
1.650434233372886e-6  0.6483875248838753
1.7329559450415304e-6  0.6376376907763769
1.8154776567101745e-6  0.6275248838752489
1.8979993683788189e-6  0.6187657597876576
1.9805210800474632e-6  0.6092103516921035
2.0630427917161074e-6  0.5994691439946914
2.145564503384752e-6  0.5912939615129397
2.228086215053396e-6  0.5831187790311878
2.3106079267220402e-6  0.576244193762442
2.3931296383906848e-6  0.5680424684804247
2.475651350059329e-6  0.5611944260119442
2.558173061727973e-6  0.5542136695421367
2.6406947733966176e-6  0.547657597876576
2.7232164850652618e-6  0.5410749834107499
2.8057381967339063e-6  0.5346516257465163
2.8882599084025505e-6  0.5277239548772396
2.9707816200711946e-6  0.5212740544127406
3.053303331739839e-6  0.515540809555408
3.1358250434084833e-6  0.5098075646980756
3.2183467550771275e-6  0.503941605839416
3.300868466745772e-6  0.498234903782349
3.383390178414416e-6  0.492899800928998
3.4659118900830608e-6  0.4878566688785667
3.548433601751705e-6  0.4826542800265428
3.630955313420349e-6  0.47777040477770405
3.7134770250889936e-6  0.4732050431320504
3.7959987367576377e-6  0.46901128069011283
3.878520448426282e-6  0.46412740544127407
3.9610421600949265e-6  0.459349701393497
4.043563871763571e-6  0.45534173855341736
4.126085583432215e-6  0.45082946250829464
4.208607295100859e-6  0.4469011280690113
4.291129006769504e-6  0.4431585932315859
4.373650718438148e-6  0.43920371599203717
4.456172430106792e-6  0.43503649635036495
4.538694141775437e-6  0.4314266755142668
4.6212158534440804e-6  0.42715328467153285
4.703737565112725e-6  0.42378234903782347
4.7862592767813696e-6  0.4196947577969476
4.868780988450013e-6  0.4158195089581951
4.951302700118658e-6  0.4121831453218315
5.0338244117873024e-6  0.4083609820836098
5.116346123455946e-6  0.40557398805573985
5.198867835124591e-6  0.40214996682149967
5.281389546793235e-6  0.3985932315859323
5.36391125846188e-6  0.3957531519575315
5.4464329701305236e-6  0.3929130723291307
5.528954681799168e-6  0.38988719309887193
5.611476393467813e-6  0.3869674850696749
5.693998105136456e-6  0.38354346383543464
5.776519816805101e-6  0.380650298606503
5.8590415284737455e-6  0.3772528201725282
5.941563240142389e-6  0.3746516257465163
6.024084951811034e-6  0.371970802919708
6.106606663479678e-6  0.36921035169210353
6.189128375148322e-6  0.36610484406104843
6.271650086816967e-6  0.36374253483742536
6.354171798485611e-6  0.36111479761114795
6.436693510154255e-6  0.35832780358327804
6.5192152218228995e-6  0.35612475116124753
6.601736933491544e-6  0.35312541473125414
6.684258645160189e-6  0.3506834771068348
6.766780356828832e-6  0.3480026542800265
6.849302068497477e-6  0.34582614465826145
6.9318237801661215e-6  0.3434903782349038
7.014345491834765e-6  0.34091572660915725
7.09686720350341e-6  0.3388453881884539
7.179388915172054e-6  0.3370139349701394
7.261910626840698e-6  0.33473125414731253
7.344432338509343e-6  0.33266091572660916
7.426954050177987e-6  0.3299800928998009
7.509475761846631e-6  0.32783012607830125
7.5919974735152755e-6  0.3257597876575979
7.67451918518392e-6  0.3237956204379562
7.757040896852564e-6  0.3218314532183145
7.839562608521208e-6  0.31957531519575316
7.922084320189853e-6  0.3175580623755806
8.004606031858497e-6  0.3156735235567352
8.087127743527142e-6  0.3134704711347047
8.169649455195785e-6  0.31150630391506307
8.25217116686443e-6  0.3095155938951559
8.334692878533074e-6  0.30725945587259457
8.417214590201719e-6  0.3051625746516258
8.499736301870363e-6  0.30309223623092235
8.582258013539008e-6  0.30144658261446583
8.66477972520765e-6  0.29927007299270075
8.747301436876295e-6  0.29767750497677503
8.82982314854494e-6  0.2960053085600531
8.912344860213584e-6  0.2942800265428003
8.994866571882229e-6  0.29210351692103514
9.077388283550873e-6  0.2903516921035169
9.159909995219518e-6  0.28849369608493697
9.242431706888161e-6  0.28658261446582617
9.324953418556805e-6  0.284963503649635
9.40747513022545e-6  0.28315859323158593
9.489996841894095e-6  0.28164565361645655
9.572518553562739e-6  0.2803450564034506
9.655040265231384e-6  0.2785932315859323
9.737561976900027e-6  0.27692103516921035
9.820083688568671e-6  0.2756204379562044
9.902605400237316e-6  0.27424021234240215
9.98512711190596e-6  0.27278035832780356
1.0067648823574605e-5  0.27076310550763105
1.015017053524325e-5  0.26925016589250167
1.0232692246911892e-5  0.268029197080292
1.0315213958580537e-5  0.2665693430656934
1.0397735670249181e-5  0.26537491705374916
1.0480257381917826e-5  0.26394160583941606
1.056277909358647e-5  0.2624286662242867
1.0645300805255115e-5  0.2611280690112807
1.072782251692376e-5  0.25977438619774385
1.0810344228592403e-5  0.2585003317850033
1.0892865940261047e-5  0.2571731917717319
1.0975387651929692e-5  0.2557133377571334
1.1057909363598336e-5  0.25446582614465824
1.114043107526698e-5  0.25343065693430655
1.1222952786935625e-5  0.2522362309223623
1.1305474498604268e-5  0.25112143331121434
1.1387996210272913e-5  0.2494757796947578
1.1470517921941557e-5  0.24820172528201725
1.1553039633610202e-5  0.24692767086927672
1.1635561345278847e-5  0.24562707365627073
1.1718083056947491e-5  0.24475116124751162
1.1800604768616136e-5  0.24329130723291306
1.1883126480284779e-5  0.2420968812209688
1.1965648191953423e-5  0.24087591240875914
1.2048169903622068e-5  0.23989382879893828
1.2130691615290712e-5  0.23901791639017916
1.2213213326959357e-5  0.23785003317850034
1.2295735038628001e-5  0.2368679495686795
1.2378256750296644e-5  0.23546118115461181
1.2460778461965289e-5  0.23445255474452556
1.2543300173633933e-5  0.23360318513603184
1.2625821885302578e-5  0.23256801592568016
1.2708343596971222e-5  0.2313735899137359
1.2790865308639867e-5  0.22988719309887193
1.287338702030851e-5  0.22882548108825482
1.2955908731977154e-5  0.22765759787657597
1.3038430443645799e-5  0.22662242866622428
1.3120952155314444e-5  0.22561380225613803
1.3203473866983088e-5  0.22441937624419375
1.3285995578651733e-5  0.22319840743198407
1.3368517290320377e-5  0.22189781021897811
1.345103900198902e-5  0.22096881220968811
1.3533560713657665e-5  0.22017252820172528
1.361608242532631e-5  0.2192435301924353
1.3698604136994954e-5  0.21807564698075646
1.3781125848663598e-5  0.21719973457199734
1.3863647560332243e-5  0.21632382216323823
1.3946169272000886e-5  0.21531519575315194
1.402869098366953e-5  0.2143065693430657
1.4111212695338175e-5  0.21332448573324486
1.419373440700682e-5  0.2123158593231586
1.4276256118675464e-5  0.21154611811546117
1.4358777830344109e-5  0.21040477770404778
1.4441299542012752e-5  0.20979429329794294
1.4523821253681396e-5  0.2084406104844061
1.460634296535004e-5  0.20769741207697412
1.4688864677018685e-5  0.20660915726609158
1.477138638868733e-5  0.20568015925680158
1.4853908100355974e-5  0.20480424684804246
1.4936429812024619e-5  0.2037956204379562
1.5018951523693262e-5  0.20268082282680822
1.5101473235361906e-5  0.2019110816191108
1.5183994947030551e-5  0.20111479761114798
1.5266516658699194e-5  0.20023888520238886
1.534903837036784e-5  0.19949568679495686
1.5431560082036483e-5  0.19861977438619774
1.5514081793705128e-5  0.19777040477770405
1.5596603505373772e-5  0.1968679495686795
1.5679125217042417e-5  0.19599203715992036
1.576164692871106e-5  0.19493032514930325
1.5844168640379706e-5  0.1942136695421367
1.592669035204835e-5  0.19315195753151956
1.6009212063716995e-5  0.19238221632382216
1.609173377538564e-5  0.19161247511612475
1.6174255487054284e-5  0.19092236230922363
1.625677719872293e-5  0.19009953550099534
1.633929891039157e-5  0.18927670869276708
1.6421820622060214e-5  0.18863968148639682
1.650434233372886e-5  0.1880557398805574
1.6586864045397504e-5  0.1871798274717983
1.6669385757066148e-5  0.18614465826144658
1.6751907468734793e-5  0.18532183145321832
1.6834429180403437e-5  0.18468480424684805
1.6916950892072082e-5  0.1838885202388852
1.6999472603740726e-5  0.18311877903118778
1.708199431540937e-5  0.18250829462508295
1.7164516027078015e-5  0.1816058394160584
1.724703773874666e-5  0.1809422694094227
1.73295594504153e-5  0.18017252820172527
1.7412081162083946e-5  0.17929661579296616
1.749460287375259e-5  0.17868613138686132
1.7577124585421235e-5  0.1781021897810219
1.765964629708988e-5  0.17738553417385533
1.7742168008758524e-5  0.17666887856668878
1.782468972042717e-5  0.1761114797611148
1.7907211432095813e-5  0.1752621101526211
1.7989733143764458e-5  0.17457199734572
1.8072254855433102e-5  0.17406768414067683
1.8154776567101747e-5  0.17340411413404114
1.823729827877039e-5  0.17284671532846715
1.8319819990439036e-5  0.17244857332448574
1.8402341702107677e-5  0.17181154611811547
1.8484863413776322e-5  0.1712010617120106
1.8567385125444966e-5  0.17067020570670205
1.864990683711361e-5  0.16990046449900464
1.8732428548782255e-5  0.16926343729263438
1.88149502604509e-5  0.16859986728599868
1.8897471972119545e-5  0.16798938287989382
1.897999368378819e-5  0.16745852687458526
1.9062515395456834e-5  0.1669276708692767
1.9145037107125478e-5  0.16610484406104845
1.9227558818794123e-5  0.16536164565361647
1.9310080530462767e-5  0.1649369608493696
1.9392602242131412e-5  0.16448573324485732
1.9475123953800053e-5  0.16387524883875249
1.9557645665468698e-5  0.16326476443264765
1.9640167377137342e-5  0.1628400796284008
1.9722689088805987e-5  0.16228268082282682
1.980521080047463e-5  0.16177836761778366
1.9887732512143276e-5  0.1612475116124751
1.997025422381192e-5  0.1608493696084937
2.0052775935480565e-5  0.16026542800265428
2.013529764714921e-5  0.1597080291970803
2.0217819358817854e-5  0.15917717319177174
2.03003410704865e-5  0.15861977438619773
2.0382862782155143e-5  0.15824817518248174
2.0465384493823785e-5  0.15761114797611148
2.054790620549243e-5  0.15721300597213006
2.0630427917161074e-5  0.1566821499668215
2.0712949628829718e-5  0.1562043795620438
2.0795471340498363e-5  0.15551426675514265
2.0877993052167007e-5  0.15490378234903782
2.0960514763835652e-5  0.1543994691439947
2.1043036475504297e-5  0.15397478433974784
2.112555818717294e-5  0.15357664233576643
2.1208079898841586e-5  0.1530723291307233
2.129060161051023e-5  0.15240875912408758
2.1373123322178875e-5  0.15201061712010616
2.145564503384752e-5  0.15163901791639017
2.153816674551616e-5  0.15110816191108162
2.1620688457184805e-5  0.15065693430656935
2.170321016885345e-5  0.1503384207033842
2.1785731880522094e-5  0.14980756469807566
2.186825359219074e-5  0.1493032514930325
2.1950775303859383e-5  0.14861313868613138
2.2033297015528028e-5  0.14802919708029197
2.2115818727196673e-5  0.14752488387524884
2.2198340438865317e-5  0.147100199071002
2.228086215053396e-5  0.14667551426675515
2.2363383862202606e-5  0.14622428666224285
2.244590557387125e-5  0.14574651625746515
2.2528427285539895e-5  0.1452156602521566
2.2610948997208537e-5  0.14468480424684804
2.269347070887718e-5  0.14423357664233577
2.2775992420545826e-5  0.14383543463835435
2.285851413221447e-5  0.14338420703384208
2.2941035843883115e-5  0.14290643662906435
2.302355755555176e-5  0.14245520902455208
2.3106079267220404e-5  0.14216323822163238
2.318860097888905e-5  0.1417120106171201
2.3271122690557693e-5  0.14115461181154612
2.3353644402226338e-5  0.14091572660915727
2.3436166113894982e-5  0.14043795620437957
2.3518687825563627e-5  0.14011944260119444
2.360120953723227e-5  0.139721300597213
2.3683731248900912e-5  0.13927007299270072
2.3766252960569557e-5  0.13884538818845388
2.38487746722382e-5  0.1383941605839416
2.3931296383906846e-5  0.13812873258128733
2.401381809557549e-5  0.13770404777704048
2.4096339807244135e-5  0.1371466489714665
2.417886151891278e-5  0.13674850696748506
2.4261383230581424e-5  0.1364034505640345
2.434390494225007e-5  0.13605839416058393
2.4426426653918714e-5  0.1358460517584605
2.4508948365587358e-5  0.13547445255474452
2.4591470077256003e-5  0.13512939615129396
2.4673991788924644e-5  0.1347843397478434
2.475651350059329e-5  0.13438619774386198
2.4839035212261933e-5  0.13398805573988057
2.4921556923930578e-5  0.13369608493696086
2.5004078635599222e-5  0.13313868613138685
2.5086600347267867e-5  0.13268745852687458
2.516912205893651e-5  0.13247511612475116
2.5251643770605156e-5  0.13210351692103517
2.53341654822738e-5  0.1318380889183809
2.5416687193942445e-5  0.13143994691439947
2.549920890561109e-5  0.13106834771068349
2.5581730617279734e-5  0.13061712010617121
2.566425232894838e-5  0.13027206370272063
2.574677404061702e-5  0.12992700729927006
2.5829295752285664e-5  0.12942269409422694
2.591181746395431e-5  0.12905109489051095
2.5994339175622954e-5  0.1286264100862641
2.6076860887291598e-5  0.1281486396814864
2.6159382598960243e-5  0.12777704047777041
2.6241904310628887e-5  0.127378898473789
2.6324426022297532e-5  0.1270338420703384
2.6406947733966176e-5  0.12658261446582614
2.648946944563482e-5  0.12631718646317186
2.6571991157303466e-5  0.12589250165892502
2.665451286897211e-5  0.12541473125414732
2.6737034580640755e-5  0.12496350364963503
2.6819556292309396e-5  0.12453881884538819
2.690207800397804e-5  0.1241672196416722
2.6984599715646685e-5  0.12392833443928335
2.706712142731533e-5  0.12363636363636364
2.7149643138983974e-5  0.12323822163238221
2.723216485065262e-5  0.12291970802919708
2.7314686562321263e-5  0.1226542800265428
2.7397208273989908e-5  0.12222959522229596
2.7479729985658552e-5  0.1218845388188454
2.7562251697327197e-5  0.12145985401459854
2.764477340899584e-5  0.1211413404114134
2.7727295120664486e-5  0.12087591240875913
2.780981683233313e-5  0.12045122760451228
2.7892338544001772e-5  0.12021234240212342
2.7974860255670416e-5  0.12005308560053085
2.805738196733906e-5  0.11970802919708029
2.8139903679007705e-5  0.11941605839416058
2.822242539067635e-5  0.11909754479097545
2.8304947102344995e-5  0.11877903118779032
2.838746881401364e-5  0.11854014598540145
2.8469990525682284e-5  0.11824817518248175
2.855251223735093e-5  0.11792966157929662
2.8635033949019573e-5  0.11763769077637691
2.8717555660688217e-5  0.1173457199734572
2.8800077372356862e-5  0.11692103516921035
2.8882599084025503e-5  0.11670869276708692
2.8965120795694148e-5  0.11639017916390179
2.9047642507362792e-5  0.11623092236230922
2.9130164219031437e-5  0.11591240875912409
2.921268593070008e-5  0.11564698075646981
2.9295207642368726e-5  0.11503649635036496
2.937772935403737e-5  0.11461181154611812
2.9460251065706015e-5  0.11429329794293298
2.954277277737466e-5  0.11397478433974784
2.9625294489043304e-5  0.1136562707365627
2.970781620071195e-5  0.11349701393497014
2.9790337912380593e-5  0.11323158593231586
2.9872859624049238e-5  0.11296615792966158
2.995538133571788e-5  0.11285998672859987
3.0037903047386524e-5  0.11264764432647645
3.0120424759055168e-5  0.11240875912408758
3.0202946470723813e-5  0.1121433311214333
3.0285468182392457e-5  0.1120371599203716
3.0367989894061102e-5  0.11171864631718646
3.0450511605729747e-5  0.11150630391506304
3.053303331739839e-5  0.1113735899137359
3.0615555029067036e-5  0.11118779031187791
3.069807674073568e-5  0.11097544790975448
3.0780598452404325e-5  0.11057730590577305
3.0863120164072966e-5  0.11025879230258792
3.0945641875741614e-5  0.10996682149966822
3.1028163587410255e-5  0.1097544790975448
3.11106852990789e-5  0.10940942269409423
3.1193207010747544e-5  0.10914399469143994
3.127572872241619e-5  0.10882548108825481
3.1358250434084833e-5  0.10869276708692767
3.144077214575348e-5  0.10845388188453882
3.152329385742212e-5  0.10829462508294625
3.1605815569090764e-5  0.10818845388188454
3.168833728075941e-5  0.10781685467816855
3.177085899242805e-5  0.10760451227604512
3.18533807040967e-5  0.10728599867285998
3.193590241576534e-5  0.10710019907100199
3.201842412743399e-5  0.10670205706702057
3.210094583910263e-5  0.1064366290643663
3.218346755077128e-5  0.10627737226277373
3.226598926243992e-5  0.10611811546118115
3.234851097410857e-5  0.10595885865958858
3.243103268577721e-5  0.10579960185799601
3.251355439744586e-5  0.10548108825481088
3.25960761091145e-5  0.10510948905109489
3.267859782078314e-5  0.1049236894492369
3.276111953245179e-5  0.10479097544790976
3.284364124412043e-5  0.10457863304578634
3.292616295578908e-5  0.10431320504313205
3.300868466745772e-5  0.10426011944260119
3.3091206379126366e-5  0.10399469143994691
3.317372809079501e-5  0.10375580623755806
3.3256249802463655e-5  0.10346383543463836
3.3338771514132296e-5  0.10325149303251493
3.3421293225800944e-5  0.10290643662906436
3.3503814937469585e-5  0.10266755142667551
3.3586336649138227e-5  0.10253483742534837
3.3668858360806874e-5  0.10213669542136695
3.3751380072475516e-5  0.10195089581950896
3.3833901784144164e-5  0.10163238221632383
3.3916423495812805e-5  0.10128732581287325
3.399894520748145e-5  0.10112806901128069
3.4081466919150094e-5  0.10096881220968812
3.416398863081874e-5  0.10086264100862641
3.424651034248738e-5  0.10059721300597213
3.432903205415603e-5  0.10035832780358328
3.441155376582467e-5  0.10017252820172529
3.449407547749332e-5  0.09996018579960186
3.457659718916196e-5  0.09982747179827471
3.46591189008306e-5  0.09961512939615129
3.474164061249925e-5  0.09945587259455872
3.482416232416789e-5  0.09921698739216987
3.490668403583654e-5  0.09908427339084273
3.498920574750518e-5  0.09892501658925017
3.507172745917383e-5  0.09863304578633046
3.515424917084247e-5  0.0982879893828799
3.523677088251112e-5  0.0982083609820836
3.531929259417976e-5  0.09812873258128732
3.540181430584841e-5  0.09804910418049104
3.548433601751705e-5  0.09794293297942933
3.5566857729185696e-5  0.09781021897810219
3.564937944085434e-5  0.09762441937624419
3.573190115252298e-5  0.09754479097544791
3.5814422864191626e-5  0.09741207697412077
3.589694457586027e-5  0.09730590577305906
3.5979466287528916e-5  0.09704047777040478
3.606198799919756e-5  0.09688122096881222
3.6144509710866205e-5  0.09661579296615792
3.6227031422534846e-5  0.09650962176509621
3.6309553134203494e-5  0.0964034505640345
3.6392074845872135e-5  0.09624419376244193
3.647459655754078e-5  0.0961114797611148
3.6557118269209424e-5  0.09581950895819509
3.663963998087807e-5  0.09568679495686795
3.672216169254671e-5  0.09550099535500996
3.6804683404215354e-5  0.09534173855341739
3.6887205115884e-5  0.0951559389515594
3.6969726827552644e-5  0.09491705374917053
3.705224853922129e-5  0.09473125414731254
3.713477025088993e-5  0.09457199734571997
3.721729196255858e-5  0.09435965494359655
3.729981367422722e-5  0.09417385534173855
3.738233538589587e-5  0.0939349701393497
3.746485709756451e-5  0.09372262773722628
3.754737880923316e-5  0.09348374253483742
3.76299005209018e-5  0.09332448573324485
3.771242223257045e-5  0.09321831453218314
3.779494394423909e-5  0.09292634372926344
3.787746565590773e-5  0.09284671532846715
3.795998736757638e-5  0.09268745852687459
3.804250907924502e-5  0.09255474452554745
3.812503079091367e-5  0.09244857332448574
3.820755250258231e-5  0.09234240212342402
3.8290074214250957e-5  0.09220968812209689
3.83725959259196e-5  0.09215660252156603
3.8455117637588246e-5  0.09191771731917717
3.853763934925689e-5  0.0917584605175846
3.8620161060925535e-5  0.09170537491705374
3.8702682772594176e-5  0.09149303251493032
3.8785204484262824e-5  0.09130723291307233
3.8867726195931465e-5  0.09117451891174519
3.8950247907600106e-5  0.09106834771068348
3.9032769619268754e-5  0.09090909090909091
3.9115291330937395e-5  0.09077637690776377
3.9197813042606043e-5  0.0906171201061712
3.9280334754274685e-5  0.09048440610484407
3.936285646594333e-5  0.09037823490378234
3.9445378177611974e-5  0.09016589250165892
3.952789988928062e-5  0.08987392169873921
3.961042160094926e-5  0.08982083609820836
3.969294331261791e-5  0.08968812209688122
3.977546502428655e-5  0.08960849369608494
3.98579867359552e-5  0.08942269409422694
3.994050844762384e-5  0.08926343729263438
4.002303015929248e-5  0.08907763769077638
4.010555187096113e-5  0.08881220968812209
4.018807358262977e-5  0.08878566688785666
4.027059529429842e-5  0.08875912408759123
4.035311700596706e-5  0.0886264100862641
4.043563871763571e-5  0.08846715328467153
4.051816042930435e-5  0.08822826808228268
4.0600682140973e-5  0.08809555408095554
4.068320385264164e-5  0.08790975447909755
4.076572556431029e-5  0.08769741207697412
4.084824727597893e-5  0.08751161247511613
4.093076898764757e-5  0.08737889847378899
4.101329069931622e-5  0.08727272727272728
4.109581241098486e-5  0.08716655607166555
4.1178334122653506e-5  0.08706038487060384
4.126085583432215e-5  0.08687458526874585
4.1343377545990795e-5  0.08676841406768414
4.1425899257659437e-5  0.08658261446582614
4.1508420969328085e-5  0.0863437292634373
4.1590942680996726e-5  0.08618447246184473
4.1673464392665374e-5  0.08607830126078302
4.1755986104334015e-5  0.08594558725945588
4.183850781600266e-5  0.08570670205706703
4.1921029527671304e-5  0.08554744525547445
4.2003551239339945e-5  0.08549435965494359
4.208607295100859e-5  0.08536164565361645
4.2168594662677234e-5  0.08520238885202389
4.225111637434588e-5  0.08506967485069675
4.2333638086014523e-5  0.08499004644990046
4.241615979768317e-5  0.08493696084936961
4.249868150935181e-5  0.0848307896483079
4.258120322102046e-5  0.08467153284671533
4.26637249326891e-5  0.08443264764432648
4.274624664435775e-5  0.08432647644326477
4.282876835602639e-5  0.0841672196416722
4.291129006769504e-5  0.08403450564034505
4.299381177936368e-5  0.08384870603848706
4.307633349103232e-5  0.08368944923689449
4.315885520270097e-5  0.08353019243530192
4.324137691436961e-5  0.08347710683477107
4.332389862603826e-5  0.08339747843397478
4.34064203377069e-5  0.08329130723291307
4.348894204937555e-5  0.08315859323158593
4.357146376104419e-5  0.08305242203052422
4.3653985472712836e-5  0.08294625082946251
4.373650718438148e-5  0.08289316522893166
4.3819028896050126e-5  0.0826542800265428
4.390155060771877e-5  0.08260119442601195
4.3984072319387415e-5  0.08257465162574652
4.4066594031056056e-5  0.08241539482415394
4.41491157427247e-5  0.08233576642335766
4.4231637454393345e-5  0.08209688122096881
4.4314159166061986e-5  0.08188453881884539
4.4396680877730634e-5  0.08172528201725282
4.4479202589399275e-5  0.08167219641672196
4.456172430106792e-5  0.08153948241539483
4.4644246012736564e-5  0.08143331121433312
4.472676772440521e-5  0.08124751161247512
4.4809289436073854e-5  0.08114134041141341
4.48918111477425e-5  0.08100862641008627
4.497433285941114e-5  0.08084936960849369
4.505685457107979e-5  0.08079628400796283
4.513937628274843e-5  0.08063702720637027
4.522189799441707e-5  0.0804777704047777
4.530441970608572e-5  0.08042468480424685
4.538694141775436e-5  0.08026542800265428
4.546946312942301e-5  0.080185799601858
4.555198484109165e-5  0.08
4.56345065527603e-5  0.07992037159920372
4.571702826442894e-5  0.07978765759787658
4.579954997609759e-5  0.07968148639681487
4.588207168776623e-5  0.07962840079628401
4.596459339943488e-5  0.07957531519575316
4.604711511110352e-5  0.07946914399469145
4.612963682277217e-5  0.07944260119442602
4.621215853444081e-5  0.07936297279362972
4.629468024610945e-5  0.07925680159256801
4.63772019577781e-5  0.0791506303915063
4.645972366944674e-5  0.07909754479097544
4.6542245381115386e-5  0.07901791639017916
4.662476709278403e-5  0.07888520238885202
4.6707288804452675e-5  0.07875248838752488
4.6789810516121316e-5  0.0786728599867286
4.6872332227789964e-5  0.07854014598540146
4.6954853939458606e-5  0.07843397478433975
4.7037375651127253e-5  0.07835434638354347
4.7119897362795895e-5  0.07830126078301261
4.720241907446454e-5  0.07822163238221633
4.7284940786133184e-5  0.07814200398142004
4.7367462497801825e-5  0.07808891838088919
4.744998420947047e-5  0.07803583278035833
4.7532505921139114e-5  0.07792966157929662
4.761502763280776e-5  0.07787657597876577
4.76975493444764e-5  0.07774386197743861
4.778007105614505e-5  0.07769077637690776
4.786259276781369e-5  0.07766423357664233
4.794511447948234e-5  0.07761114797611147
4.802763619115098e-5  0.07758460517584605
4.811015790281963e-5  0.07745189117451891
4.819267961448827e-5  0.07745189117451891
4.827520132615691e-5  0.07723954877239549
4.835772303782556e-5  0.07713337757133377
4.84402447494942e-5  0.07692103516921035
4.852276646116285e-5  0.07689449236894493
4.860528817283149e-5  0.0768679495686795
4.868780988450014e-5  0.07678832116788321
4.877033159616878e-5  0.07670869276708693
4.885285330783743e-5  0.07665560716655608
4.893537501950607e-5  0.07654943596549436
4.9017896731174716e-5  0.07644326476443265
4.910041844284336e-5  0.07636363636363637
4.9182940154512005e-5  0.07625746516257464
4.9265461866180647e-5  0.07617783676177836
4.934798357784929e-5  0.07607166556071665
4.9430505289517936e-5  0.07599203715992037
4.951302700118658e-5  0.07588586595885866
4.9595548712855225e-5  0.0758327803583278
4.9678070424523866e-5  0.07577969475779694
4.9760592136192514e-5  0.0756469807564698
4.9843113847861155e-5  0.0755408095554081
4.99256355595298e-5  0.07543463835434638
5.0008157271198444e-5  0.07532846715328467
5.009067898286709e-5  0.07522229595222296
5.0173200694535733e-5  0.07511612475116125
5.025572240620438e-5  0.07508958195089582
5.033824411787302e-5  0.07490378234903783
5.0420765829541664e-5  0.07471798274717983
5.050328754121031e-5  0.07466489714664896
5.058580925287895e-5  0.07453218314532183
5.06683309645476e-5  0.07437292634372926
5.075085267621624e-5  0.07426675514266755
5.083337438788489e-5  0.07424021234240212
5.091589609955353e-5  0.07416058394160584
5.099841781122218e-5  0.07405441274054413
5.108093952289082e-5  0.07400132714001327
5.116346123455947e-5  0.07392169873921699
5.124598294622811e-5  0.07389515593895156
5.132850465789676e-5  0.07378898473788985
5.14110263695654e-5  0.07370935633709357
5.149354808123404e-5  0.07357664233576643
5.157606979290269e-5  0.07349701393497014
5.165859150457133e-5  0.07341738553417386
5.174111321623998e-5  0.07323158593231587
5.182363492790862e-5  0.07312541473125415
5.1906156639577266e-5  0.07309887193098871
5.198867835124591e-5  0.07307232913072328
5.2071200062914555e-5  0.072992700729927
5.2153721774583196e-5  0.07285998672859986
5.2236243486251844e-5  0.07275381552753815
5.2318765197920485e-5  0.07267418712674187
5.240128690958913e-5  0.07254147312541473
5.2483808621257775e-5  0.07232913072329131
5.2566330332926416e-5  0.07219641672196417
5.2648852044595064e-5  0.07214333112143331
5.2731373756263705e-5  0.07198407431984075
5.281389546793235e-5  0.07190444591904446
5.2896417179600994e-5  0.07182481751824818
5.297893889126964e-5  0.0717451891174519
5.306146060293828e-5  0.07163901791639019
5.314398231460693e-5  0.07158593231585933
5.322650402627557e-5  0.07153284671532846
5.330902573794422e-5  0.07145321831453218
5.339154744961286e-5  0.07132050431320504
5.347406916128151e-5  0.07126741871267418
5.355659087295015e-5  0.07113470471134704
5.363911258461879e-5  0.07094890510948905
5.372163429628744e-5  0.07084273390842734
5.380415600795608e-5  0.07073656270736563
5.388667771962473e-5  0.07057730590577306
5.396919943129337e-5  0.07044459190444592
5.405172114296202e-5  0.07039150630391507
5.413424285463066e-5  0.07039150630391507
5.421676456629931e-5  0.07036496350364964
5.429928627796795e-5  0.07036496350364964
5.4381807989636596e-5  0.07020570670205707
5.446432970130524e-5  0.07009953550099536
5.4546851412973885e-5  0.06999336429993365
5.4629373124642526e-5  0.06991373589913735
5.471189483631117e-5  0.06978102189781021
5.4794416547979816e-5  0.06975447909754479
5.487693825964846e-5  0.06972793629727936
5.4959459971317105e-5  0.06972793629727936
5.5041981682985746e-5  0.06970139349701393
5.5124503394654394e-5  0.06962176509621765
5.5207025106323035e-5  0.06959522229595222
5.528954681799168e-5  0.06959522229595222
5.5372068529660324e-5  0.06954213669542136
5.545459024132897e-5  0.06948905109489051
5.553711195299761e-5  0.06940942269409422
5.561963366466626e-5  0.06932979429329794
5.57021553763349e-5  0.06925016589250166
5.5784677088003544e-5  0.06911745189117452
5.586719879967219e-5  0.06898473788984738
5.594972051134083e-5  0.06887856668878567
5.603224222300948e-5  0.06874585268745853
5.611476393467812e-5  0.06866622428666225
5.619728564634677e-5  0.06845388188453883
5.627980735801541e-5  0.0684273390842734
5.636232906968406e-5  0.06837425348374253
5.64448507813527e-5  0.0683477106834771
5.652737249302135e-5  0.06832116788321167
5.660989420468999e-5  0.06829462508294624
5.669241591635863e-5  0.06821499668214996
5.677493762802728e-5  0.06808228268082282
5.685745933969592e-5  0.0680557398805574
5.693998105136457e-5  0.06792302587923026
5.702250276303321e-5  0.06784339747843397
5.710502447470186e-5  0.06781685467816854
5.71875461863705e-5  0.06771068347710683
5.7270067898039146e-5  0.06763105507631055
5.735258960970779e-5  0.06760451227604512
5.7435111321376435e-5  0.06744525547445256
5.7517633033045076e-5  0.0673921698739217
5.7600154744713724e-5  0.06728599867285999
5.7682676456382365e-5  0.0672063702720637
5.7765198168051006e-5  0.06717982747179828
5.7847719879719654e-5  0.06715328467153285
5.7930241591388296e-5  0.06702057067020571
5.8012763303056943e-5  0.06702057067020571
5.8095285014725585e-5  0.06696748506967486
5.817780672639423e-5  0.06686131386861315
5.8260328438062874e-5  0.06672859986728599
5.834285014973152e-5  0.06670205706702056
5.842537186140016e-5  0.06656934306569343
5.850789357306881e-5  0.06648971466489714
5.859041528473745e-5  0.06643662906436629
5.86729369964061e-5  0.06633045786330458
5.875545870807474e-5  0.06630391506303915
5.883798041974338e-5  0.06625082946250829
5.892050213141203e-5  0.06611811546118115
5.900302384308067e-5  0.06601194426011944
5.908554555474932e-5  0.06598540145985402
5.916806726641796e-5  0.06593231585932316
5.925058897808661e-5  0.06590577305905773
5.933311068975525e-5  0.06579960185799602
5.94156324014239e-5  0.06561380225613803
5.949815411309254e-5  0.06556071665560717
5.958067582476119e-5  0.06548108825481089
5.966319753642983e-5  0.06537491705374918
5.9745719248098476e-5  0.06534837425348375
5.982824095976712e-5  0.06532183145321832
5.991076267143576e-5  0.06532183145321832
5.9993284383104406e-5  0.06526874585268747
6.007580609477305e-5  0.06524220305242202
6.0158327806441695e-5  0.06516257465162574
6.0240849518110337e-5  0.06505640345056403
6.0323371229778985e-5  0.06497677504976775
6.0405892941447626e-5  0.06487060384870603
6.0488414653116274e-5  0.06479097544790975
6.0570936364784915e-5  0.06471134704711347
6.065345807645356e-5  0.06457863304578633
6.0735979788122204e-5  0.06449900464499005
6.081850149979085e-5  0.06441937624419376
6.090102321145949e-5  0.06433974784339748
6.0983544923128134e-5  0.06428666224286662
6.106606663479678e-5  0.06423357664233577
6.114858834646542e-5  0.06412740544127406
6.123111005813407e-5  0.06410086264100863
6.131363176980272e-5  0.06402123424021235
6.139615348147135e-5  0.06399469143994692
6.147867519314e-5  0.06386197743861978
6.156119690480865e-5  0.06380889183808892
6.16437186164773e-5  0.0637823490378235
6.172624032814593e-5  0.06375580623755807
6.180876203981458e-5  0.06372926343729264
6.189128375148323e-5  0.06364963503649634
6.197380546315186e-5  0.06357000663570006
6.205632717482051e-5  0.06346383543463835
6.213884888648916e-5  0.06338420703384207
6.22213705981578e-5  0.0632249502322495
6.230389230982644e-5  0.0630391506303915
6.238641402149509e-5  0.06301260783012608
6.246893573316374e-5  0.06295952222959522
6.255145744483238e-5  0.06290643662906437
6.263397915650102e-5  0.06285335102853351
6.271650086816967e-5  0.06285335102853351
6.279902257983831e-5  0.06280026542800266
6.288154429150696e-5  0.06266755142667552
6.29640660031756e-5  0.06253483742534838
6.304658771484425e-5  0.06245520902455209
6.312910942651289e-5  0.06240212342402123
6.321163113818153e-5  0.06229595222295952
6.329415284985018e-5  0.06216323822163238
6.337667456151882e-5  0.062136695421366954
6.345919627318747e-5  0.0620836098208361
6.35417179848561e-5  0.06197743861977439
6.362423969652475e-5  0.06192435301924353
6.37067614081934e-5  0.061871267418712676
6.378928311986205e-5  0.06181818181818182
6.387180483153068e-5  0.061765096217650965
6.395432654319933e-5  0.0617120106171201
6.403684825486798e-5  0.061579296615792964
6.411936996653661e-5  0.06147312541473125
6.420189167820526e-5  0.06139349701393497
6.428441338987391e-5  0.061313868613138686
6.436693510154256e-5  0.06128732581287326
6.444945681321119e-5  0.06118115461181155
6.453197852487984e-5  0.061074983410749836
6.461450023654849e-5  0.0609422694094227
6.469702194821714e-5  0.060889183808891835
6.477954365988577e-5  0.060756469807564696
6.486206537155442e-5  0.06070338420703384
6.494458708322307e-5  0.060650298606502985
6.502710879489171e-5  0.06062375580623756
6.510963050656035e-5  0.06059721300597213
6.5192152218229e-5  0.060517584605175846
6.527467392989764e-5  0.06046449900464499
6.535719564156628e-5  0.06043795620437956
6.543971735323493e-5  0.06035832780358328
6.552223906490358e-5  0.060278699402786996
6.560476077657222e-5  0.06019907100199071
6.568728248824086e-5  0.060172528201725285
6.57698041999095e-5  0.06006635700066357
6.585232591157815e-5  0.06003981420039814
6.59348476232468e-5  0.059986728599867284
6.601736933491544e-5  0.059907100199071
6.609989104658408e-5  0.059854014598540145
6.618241275825273e-5  0.05980092899800929
6.626493446992137e-5  0.05977438619774386
6.634745618159001e-5  0.05969475779694758
6.642997789325866e-5  0.05964167219641672
6.651249960492731e-5  0.05953550099535501
6.659502131659594e-5  0.059482415394824156
6.667754302826459e-5  0.059376244193762445
6.676006473993324e-5  0.05932315859323158
6.684258645160189e-5  0.05927007299270073
6.692510816327052e-5  0.05913735899137359
6.700762987493917e-5  0.05908427339084273
6.709015158660782e-5  0.05903118779031188
6.717267329827645e-5  0.05889847378898474
6.72551950099451e-5  0.05884538818845388
6.733771672161375e-5  0.0587657597876576
6.74202384332824e-5  0.05865958858659589
6.750276014495103e-5  0.05860650298606503
6.758528185661968e-5  0.05852687458526874
6.766780356828833e-5  0.05847378898473789
6.775032527995698e-5  0.05844724618447246
6.783284699162561e-5  0.058394160583941604
6.791536870329426e-5  0.05831453218314532
6.79978904149629e-5  0.05820836098208361
6.808041212663155e-5  0.05818181818181818
6.816293383830019e-5  0.0581021897810219
6.824545554996884e-5  0.05807564698075647
6.832797726163748e-5  0.05804910418049104
6.841049897330612e-5  0.05796947577969476
6.849302068497477e-5  0.05796947577969476
6.857554239664341e-5  0.057916390179163904
6.865806410831206e-5  0.05786330457863305
6.87405858199807e-5  0.057783676177836765
6.882310753164934e-5  0.05765096217650962
6.890562924331799e-5  0.057571333775713336
6.898815095498664e-5  0.05754479097544791
6.907067266665527e-5  0.05749170537491705
6.915319437832392e-5  0.05738553417385534
6.923571608999257e-5  0.05730590577305906
6.93182378016612e-5  0.05727936297279363
6.940075951332985e-5  0.05727936297279363
6.94832812249985e-5  0.05714664897146649
6.956580293666715e-5  0.05704047777040478
6.964832464833578e-5  0.05698739216987392
6.973084636000443e-5  0.05698739216987392
6.981336807167308e-5  0.05698739216987392
6.989588978334173e-5  0.05685467816854678
6.997841149501036e-5  0.056801592568015924
7.006093320667901e-5  0.05674850696748507
7.014345491834766e-5  0.05674850696748507
7.02259766300163e-5  0.05672196416721964
7.030849834168494e-5  0.05664233576642336
7.039102005335359e-5  0.056562707365627074
7.047354176502224e-5  0.05648307896483079
7.055606347669087e-5  0.05640345056403451
7.063858518835952e-5  0.05640345056403451
7.072110690002817e-5  0.056323822163238224
7.080362861169681e-5  0.056323822163238224
7.088615032336545e-5  0.056323822163238224
7.09686720350341e-5  0.056297279362972796
7.105119374670274e-5  0.05621765096217651
7.113371545837139e-5  0.05613802256138022
7.121623717004003e-5  0.056111479761114795
7.129875888170867e-5  0.05603185136031851
7.138128059337732e-5  0.05603185136031851
7.146380230504596e-5  0.056005308560053084
7.15463240167146e-5  0.05589913735899137
7.162884572838325e-5  0.055766423357664234
7.17113674400519e-5  0.05571333775713338
7.179388915172054e-5  0.05566025215660252
7.187641086338918e-5  0.055500995355009956
7.195893257505783e-5  0.0554479097544791
7.204145428672648e-5  0.0554479097544791
7.212397599839511e-5  0.05536828135368281
7.220649771006376e-5  0.05534173855341738
7.228901942173241e-5  0.05534173855341738
7.237154113340106e-5  0.055315195753151955
7.245406284506969e-5  0.055315195753151955
7.253658455673834e-5  0.05528865295288653
7.261910626840699e-5  0.05528865295288653
7.270162798007562e-5  0.05510285335102853
7.278414969174427e-5  0.05510285335102853
7.286667140341292e-5  0.055076310550763105
7.294919311508157e-5  0.05499668214996682
7.30317148267502e-5  0.05491705374917054
7.311423653841885e-5  0.05486396814863968
7.31967582500875e-5  0.0547843397478434
7.327927996175614e-5  0.05475779694757797
7.336180167342478e-5  0.05457199734571997
7.344432338509343e-5  0.054518911745189115
7.352684509676207e-5  0.05449236894492369
7.360936680843071e-5  0.05443928334439283
7.369188852009936e-5  0.05435965494359655
7.3774410231768e-5  0.05433311214333112
7.385693194343665e-5  0.05430656934306569
7.393945365510529e-5  0.05422694094226941
7.402197536677394e-5  0.05420039814200398
7.410449707844258e-5  0.05420039814200398
7.418701879011123e-5  0.0541207697412077
7.426954050177987e-5  0.05406768414067684
7.435206221344851e-5  0.05398805573988056
7.443458392511716e-5  0.053908427339084276
7.45171056367858e-5  0.05388188453881885
7.459962734845444e-5  0.05385534173855342
7.468214906012309e-5  0.0537491705374917
7.476467077179174e-5  0.05366954213669542
7.484719248346037e-5  0.053616456536164564
7.492971419512902e-5  0.053457199734572
7.501223590679767e-5  0.05332448573324486
7.509475761846632e-5  0.05329794293297943
7.517727933013495e-5  0.053271400132714
7.52598010418036e-5  0.053138686131386864
7.534232275347225e-5  0.053059057730590574
7.54248444651409e-5  0.05297942932979429
7.550736617680953e-5  0.05297942932979429
7.558988788847818e-5  0.05284671532846715
7.567240960014683e-5  0.052793629727936296
7.575493131181546e-5  0.052687458526874585
7.583745302348411e-5  0.05252820172528202
7.591997473515276e-5  0.05250165892501659
7.60024964468214e-5  0.052448573324485735
7.608501815849004e-5  0.05242203052422031
7.616753987015869e-5  0.05242203052422031
7.625006158182733e-5  0.05236894492368945
7.633258329349598e-5  0.052342402123424024
7.641510500516462e-5  0.052315859323158596
7.649762671683327e-5  0.05228931652289317
7.658014842850191e-5  0.052262773722627734
7.666267014017055e-5  0.05220968812209688
7.67451918518392e-5  0.05220968812209688
7.682771356350784e-5  0.05210351692103517
7.691023527517649e-5  0.05210351692103517
7.699275698684513e-5  0.051997345719973456
7.707527869851377e-5  0.05197080291970803
7.715780041018242e-5  0.0519442601194426
7.724032212185107e-5  0.051785003317850034
7.73228438335197e-5  0.051758460517584606
7.740536554518835e-5  0.05170537491705375
7.7487887256857e-5  0.05162574651625747
7.757040896852565e-5  0.051546118115461184
7.765293068019428e-5  0.051466489714664894
7.773545239186293e-5  0.05136031851360318
7.781797410353158e-5  0.051333775713337755
7.790049581520021e-5  0.051333775713337755
7.798301752686886e-5  0.0512806901128069
7.806553923853751e-5  0.051201061712010616
7.814806095020616e-5  0.05114797611147976
7.823058266187479e-5  0.05112143331121433
7.831310437354344e-5  0.05106834771068348
7.839562608521209e-5  0.05106834771068348
7.847814779688073e-5  0.05104180491041805
7.856066950854937e-5  0.05101526211015262
7.864319122021802e-5  0.050962176509621766
7.872571293188667e-5  0.05088254810882548
7.88082346435553e-5  0.05088254810882548
7.889075635522395e-5  0.050723291307232916
7.89732780668926e-5  0.05069674850696748
7.905579977856124e-5  0.050670205706702054
7.913832149022988e-5  0.05059057730590577
7.922084320189853e-5  0.05059057730590577
7.930336491356717e-5  0.05056403450564034
7.938588662523582e-5  0.050537491705374915
7.946840833690446e-5  0.05045786330457863
7.95509300485731e-5  0.050431320504313204
7.963345176024175e-5  0.050404777704047776
7.97159734719104e-5  0.05037823490378235
7.979849518357903e-5  0.050298606502986065
7.988101689524768e-5  0.05021897810218978
7.996353860691633e-5  0.050192435301924354
8.004606031858496e-5  0.0501393497013935
8.012858203025361e-5  0.05000663570006636
8.021110374192226e-5  0.04998009289980093
8.029362545359091e-5  0.049927007299270076
8.037614716525954e-5  0.049873921698739214
8.045866887692819e-5  0.0497677504976775
8.054119058859684e-5  0.04968812209688122
8.062371230026549e-5  0.049608493696084936
8.070623401193412e-5  0.04958195089581951
8.078875572360277e-5  0.04958195089581951
8.087127743527142e-5  0.049502322495023225
8.095379914694005e-5  0.0494757796947578
8.10363208586087e-5  0.049369608493696086
8.111884257027735e-5  0.04931652289316523
8.1201364281946e-5  0.049263437292634375
8.128388599361463e-5  0.049263437292634375
8.136640770528328e-5  0.04918380889183809
8.144892941695193e-5  0.049157266091572664
8.153145112862057e-5  0.0491041804910418
8.161397284028921e-5  0.04902455209024552
8.169649455195786e-5  0.04897146648971466
8.17790162636265e-5  0.048944923689449235
8.186153797529514e-5  0.04886529528865295
8.194405968696379e-5  0.048838752488387524
8.202658139863243e-5  0.04878566688785667
8.210910311030108e-5  0.048706038487060385
8.219162482196972e-5  0.048706038487060385
8.227414653363836e-5  0.048706038487060385
8.235666824530701e-5  0.04865295288652953
8.243918995697566e-5  0.04865295288652953
8.25217116686443e-5  0.0486264100862641
8.260423338031294e-5  0.04852023888520239
8.268675509198159e-5  0.048467153284671535
8.276927680365024e-5  0.04841406768414068
8.285179851531887e-5  0.048360982083609824
8.293432022698752e-5  0.048281353682813534
8.301684193865617e-5  0.048254810882548106
8.30993636503248e-5  0.04822826808228268
8.318188536199345e-5  0.04822826808228268
8.32644070736621e-5  0.04817518248175182
8.334692878533075e-5  0.04812209688122097
8.342945049699938e-5  0.048042468480424684
8.351197220866803e-5  0.04798938287989383
8.359449392033668e-5  0.04798938287989383
8.367701563200533e-5  0.04798938287989383
8.375953734367396e-5  0.0479628400796284
8.384205905534261e-5  0.047909754479097545
8.392458076701126e-5  0.047803583278035834
8.400710247867989e-5  0.047777040477770406
8.408962419034854e-5  0.04772395487723955
8.417214590201719e-5  0.04772395487723955
8.425466761368583e-5  0.047670869276708695
8.433718932535447e-5  0.04761778367617784
8.441971103702312e-5  0.04759124087591241
8.450223274869176e-5  0.04759124087591241
8.458475446036041e-5  0.047485069674850694
8.466727617202905e-5  0.047352355673523555
8.47497978836977e-5  0.047352355673523555
8.483231959536634e-5  0.04727272727272727
8.491484130703499e-5  0.047246184472461844
8.499736301870363e-5  0.047219641672196416
8.507988473037227e-5  0.047219641672196416
8.516240644204092e-5  0.047219641672196416
8.524492815370956e-5  0.04719309887193099
8.53274498653782e-5  0.04719309887193099
8.540997157704685e-5  0.047113470471134705
8.54924932887155e-5  0.047113470471134705
8.557501500038413e-5  0.047007299270072994
8.565753671205278e-5  0.04692767086927671
8.574005842372143e-5  0.04684804246848043
8.582258013539008e-5  0.04679495686794957
8.590510184705871e-5  0.04671532846715328
8.598762355872736e-5  0.04660915726609157
8.607014527039601e-5  0.04647644326476443
8.615266698206464e-5  0.04639681486396815
8.623518869373329e-5  0.046317186463171865
8.631771040540194e-5  0.046317186463171865
8.640023211707059e-5  0.04629064366290644
8.648275382873922e-5  0.04623755806237558
8.656527554040787e-5  0.046211015262110154
8.664779725207652e-5  0.046078301260783015
8.673031896374516e-5  0.04602521566025216
8.68128406754138e-5  0.0459721300597213
8.689536238708245e-5  0.045892501658925014
8.69778840987511e-5  0.04583941605839416
8.706040581041974e-5  0.045759787657597875
8.714292752208838e-5  0.045759787657597875
8.722544923375702e-5  0.045653616456536164
8.730797094542567e-5  0.04560053085600531
8.739049265709431e-5  0.045520902455209025
8.747301436876296e-5  0.0454943596549436
8.75555360804316e-5  0.04544127405441274
8.763805779210025e-5  0.045414731254147314
8.772057950376889e-5  0.045414731254147314
8.780310121543753e-5  0.045414731254147314
8.788562292710618e-5  0.045388188453881886
8.796814463877483e-5  0.04536164565361646
8.805066635044346e-5  0.045282017252820175
8.813318806211211e-5  0.045202388852023885
8.821570977378076e-5  0.04517584605175846
8.82982314854494e-5  0.04514930325149303
8.838075319711804e-5  0.045069674850696746
8.846327490878669e-5  0.045069674850696746
8.854579662045534e-5  0.045069674850696746
8.862831833212397e-5  0.04504313205043132
8.871084004379262e-5  0.04501658925016589
8.879336175546127e-5  0.04499004644990046
8.887588346712992e-5  0.044963503649635035
8.895840517879855e-5  0.04491041804910418
8.90409268904672e-5  0.044857332448573324
8.912344860213585e-5  0.044857332448573324
8.920597031380448e-5  0.044857332448573324
8.928849202547313e-5  0.04477770404777704
8.937101373714178e-5  0.04475116124751161
8.945353544881042e-5  0.044724618447246185
8.953605716047906e-5  0.04469807564698076
8.961857887214771e-5  0.044591904445919046
8.970110058381636e-5  0.04456536164565362
8.9783622295485e-5  0.04451227604512276
8.986614400715364e-5  0.044485733244857335
8.994866571882229e-5  0.044485733244857335
9.003118743049093e-5  0.04445919044459191
9.011370914215958e-5  0.044406104844061045
9.019623085382822e-5  0.044299933642999334
9.027875256549686e-5  0.044273390842733906
9.036127427716551e-5  0.044273390842733906
9.044379598883415e-5  0.04424684804246848
9.05263177005028e-5  0.04424684804246848
9.060883941217144e-5  0.04424684804246848
9.069136112384009e-5  0.04424684804246848
9.077388283550872e-5  0.04424684804246848
9.085640454717737e-5  0.04414067684140677
9.093892625884602e-5  0.04411413404114134
9.102144797051467e-5  0.044061048440610484
9.11039696821833e-5  0.044061048440610484
9.118649139385195e-5  0.044034505640345056
9.12690131055206e-5  0.04400796284007963
9.135153481718923e-5  0.04400796284007963
9.143405652885788e-5  0.0439814200398142
9.151657824052653e-5  0.04395487723954877
9.159909995219518e-5  0.04387524883875249
9.168162166386381e-5  0.04384870603848706
9.176414337553246e-5  0.043795620437956206
9.184666508720111e-5  0.04371599203715992
9.192918679886976e-5  0.04358327803583278
9.201170851053839e-5  0.04355673523556735
9.209423022220704e-5  0.043503649635036494
9.217675193387569e-5  0.04345056403450564
9.225927364554433e-5  0.04339747843397478
9.234179535721297e-5  0.04334439283344393
9.242431706888162e-5  0.043238221632382216
9.250683878055026e-5  0.04318513603185136
9.25893604922189e-5  0.04318513603185136
9.267188220388755e-5  0.043132050431320505
9.27544039155562e-5  0.04305242203052422
9.283692562722484e-5  0.04305242203052422
9.291944733889348e-5  0.04305242203052422
9.300196905056212e-5  0.042999336429993366
9.308449076223077e-5  0.042893165228931655
9.316701247389942e-5  0.04284007962840079
9.324953418556805e-5  0.04278699402786994
9.33320558972367e-5  0.042680822826808226
9.341457760890535e-5  0.042680822826808226
9.349709932057398e-5  0.0426542800265428
9.357962103224263e-5  0.04252156602521566
9.366214274391128e-5  0.04249502322495023
9.374466445557993e-5  0.04249502322495023
9.382718616724856e-5  0.04241539482415395
9.390970787891721e-5  0.04238885202388852
9.399222959058586e-5  0.042335766423357665
9.407475130225451e-5  0.04230922362309224
9.415727301392314e-5  0.04230922362309224
9.423979472559179e-5  0.04225613802256138
9.432231643726044e-5  0.042229595222295954
9.440483814892909e-5  0.042229595222295954
9.448735986059772e-5  0.04214996682149967
9.456988157226637e-5  0.04207033842070339
9.465240328393502e-5  0.04207033842070339
9.473492499560365e-5  0.04204379562043795
9.48174467072723e-5  0.04204379562043795
9.489996841894095e-5  0.0419907100199071
9.49824901306096e-5  0.0419907100199071
9.506501184227823e-5  0.04196416721964167
9.514753355394688e-5  0.041911081619110814
9.523005526561552e-5  0.04185799601857996
9.531257697728417e-5  0.04183145321831453
9.53950986889528e-5  0.0418049104180491
9.547762040062145e-5  0.04169873921698739
9.55601421122901e-5  0.041672196416721964
9.564266382395874e-5  0.041645653616456536
9.572518553562738e-5  0.04161911081619111
9.580770724729603e-5  0.04161911081619111
9.589022895896468e-5  0.04161911081619111
9.597275067063332e-5  0.04161911081619111
9.605527238230196e-5  0.04148639681486397
9.613779409397061e-5  0.041433311214333114
9.622031580563926e-5  0.041406768414067686
9.63028375173079e-5  0.04135368281353683
9.638535922897654e-5  0.041300597213005975
9.646788094064519e-5  0.041220968812209685
9.655040265231382e-5  0.041220968812209685
9.663292436398247e-5  0.04116788321167883
9.671544607565112e-5  0.041114797611147974
9.679796778731977e-5  0.04106171201061712
9.68804894989884e-5  0.04100862641008626
9.696301121065705e-5  0.04095554080955541
9.70455329223257e-5  0.04090245520902455
9.712805463399435e-5  0.040849369608493696
9.721057634566298e-5  0.04082282680822827
9.729309805733163e-5  0.04082282680822827
9.737561976900028e-5  0.04079628400796284
9.745814148066892e-5  0.040743198407431985
9.754066319233756e-5  0.0406635700066357
9.76231849040062e-5  0.04058394160583942
9.770570661567485e-5  0.04053085600530856
9.778822832734349e-5  0.040504313205043135
9.787075003901214e-5  0.040504313205043135
9.795327175068078e-5  0.040504313205043135
9.803579346234943e-5  0.04045122760451227
9.811831517401807e-5  0.040424684804246845
9.820083688568671e-5  0.04039814200398142
9.828335859735536e-5  0.04037159920371599
9.836588030902401e-5  0.040291970802919706
9.844840202069265e-5  0.040291970802919706
9.853092373236129e-5  0.040291970802919706
9.861344544402994e-5  0.04021234240212342
9.869596715569858e-5  0.04015925680159257
9.877848886736722e-5  0.04010617120106171
9.886101057903587e-5  0.040079628400796284
9.894353229070452e-5  0.03997345719973457
9.902605400237315e-5  0.039946914399469145
9.91085757140418e-5  0.03992037159920372
9.919109742571045e-5  0.03992037159920372
9.92736191373791e-5  0.03989382879893829
9.935614084904773e-5  0.03989382879893829
9.943866256071638e-5  0.039840743198407434
9.952118427238503e-5  0.039840743198407434
9.960370598405368e-5  0.039840743198407434
9.968622769572231e-5  0.03978765759787658
9.976874940739096e-5  0.03978765759787658
9.98512711190596e-5  0.03973457199734572
9.993379283072824e-5  0.039708029197080295
0.00010001631454239689  0.03965494359654943
0.00010009883625406554  0.039628400796284005
0.00010018135796573418  0.039628400796284005
0.00010026387967740282  0.03960185799601858
0.00010034640138907147  0.03960185799601858
0.00010042892310074011  0.03957531519575315
0.00010051144481240876  0.039495686794956866
0.0001005939665240774  0.039495686794956866
0.00010067648823574605  0.03946914399469144
0.00010075900994741469  0.03944260119442601
0.00010084153165908333  0.039389515593895155
0.00010092405337075198  0.03936297279362973
0.00010100657508242062  0.03936297279362973
0.00010108909679408927  0.0393364299933643
0.0001011716185057579  0.03930988719309887
0.00010125414021742655  0.039283344392833444
0.0001013366619290952  0.039283344392833444
0.00010141918364076385  0.039256801592568016
0.00010150170535243248  0.03920371599203716
0.00010158422706410113  0.03912408759124088
0.00010166674877576978  0.03912408759124088
0.00010174927048743843  0.03912408759124088
0.00010183179219910706  0.03909754479097545
0.00010191431391077571  0.03907100199071002
0.00010199683562244436  0.03899137358991374
0.00010207935733411299  0.03891174518911745
0.00010216187904578164  0.038832116788321165
0.00010224440075745029  0.03880557398805574
0.00010232692246911894  0.03877903118779031
0.00010240944418078757  0.03875248838752488
0.00010249196589245622  0.038699402786994026
0.00010257448760412487  0.0386728599867286
0.00010265700931579351  0.0386728599867286
0.00010273953102746215  0.03861977438619774
0.0001028220527391308  0.03861977438619774
0.00010290457445079945  0.038593231585932315
0.00010298709616246808  0.038593231585932315
0.00010306961787413673  0.03854014598540146
0.00010315213958580538  0.03854014598540146
0.00010323466129747402  0.03854014598540146
0.00010331718300914266  0.03851360318513603
0.0001033997047208113  0.038487060384870604
0.00010348222643247995  0.03843397478433975
0.0001035647481441486  0.03843397478433975
0.00010364726985581724  0.03840743198407432
0.00010372979156748588  0.03840743198407432
0.00010381231327915453  0.03838088918380889
0.00010389483499082317  0.038354346383543465
0.00010397735670249181  0.038354346383543465
0.00010405987841416046  0.03830126078301261
0.00010414240012582911  0.03827471798274718
0.00010422492183749774  0.03827471798274718
0.00010430744354916639  0.03816854678168547
0.00010438996526083504  0.038035832780358325
0.00010447248697250369  0.03798274717982747
0.00010455500868417232  0.03798274717982747
0.00010463753039584097  0.037903118779031186
0.00010472005210750962  0.0378234903782349
0.00010480257381917827  0.03777040477770405
0.0001048850955308469  0.03771731917717319
0.00010496761724251555  0.037664233576642336
0.0001050501389541842  0.03763769077637691
0.00010513266066585283  0.03761114797611148
0.00010521518237752148  0.03750497677504977
0.00010529770408919013  0.03750497677504977
0.00010538022580085878  0.03747843397478434
0.00010546274751252741  0.03737226277372263
0.00010554526922419606  0.03731917717319177
0.0001056277909358647  0.03731917717319177
0.00010571031264753335  0.03729263437292634
0.00010579283435920199  0.03726609157266091
0.00010587535607087064  0.03726609157266091
0.00010595787778253928  0.03726609157266091
0.00010604039949420792  0.037239548772395485
0.00010612292120587657  0.037239548772395485
0.00010620544291754521  0.037239548772395485
0.00010628796462921386  0.037239548772395485
0.0001063704863408825  0.03718646317186463
0.00010645300805255114  0.03718646317186463
0.00010653552976421979  0.0371599203715992
0.00010661805147588844  0.037106834771068346
0.00010670057318755707  0.03708029197080292
0.00010678309489922572  0.03705374917053749
0.00010686561661089437  0.03705374917053749
0.00010694813832256302  0.03705374917053749
0.00010703066003423165  0.03705374917053749
0.0001071131817459003  0.03705374917053749
0.00010719570345756895  0.03702720637027206
0.00010727822516923758  0.03697412076974121
0.00010736074688090623  0.03694757796947578
0.00010744326859257488  0.03694757796947578
0.00010752579030424353  0.03692103516921035
0.00010760831201591216  0.036867949568679496
0.00010769083372758081  0.036867949568679496
0.00010777335543924946  0.03678832116788321
0.0001078558771509181  0.036761778367617785
0.00010793839886258674  0.03673523556735236
0.00010802092057425539  0.03673523556735236
0.00010810344228592404  0.03670869276708693
0.00010818596399759267  0.03670869276708693
0.00010826848570926132  0.0366821499668215
0.00010835100742092997  0.03660252156602522
0.00010843352913259861  0.03660252156602522
0.00010851605084426725  0.03657597876575979
0.0001085985725559359  0.03646980756469807
0.00010868109426760454  0.03646980756469807
0.00010876361597927319  0.03646980756469807
0.00010884613769094183  0.03646980756469807
0.00010892865940261047  0.036443264764432645
0.00010901118111427912  0.03641672196416722
0.00010909370282594777  0.03641672196416722
0.0001091762245376164  0.03636363636363636
0.00010925874624928505  0.036337093563370934
0.0001093412679609537  0.036337093563370934
0.00010942378967262234  0.036310550763105506
0.00010950631138429098  0.036310550763105506
0.00010958883309595963  0.036310550763105506
0.00010967135480762828  0.036204379562043795
0.00010975387651929691  0.03615129396151294
0.00010983639823096556  0.03615129396151294
0.00010991891994263421  0.03615129396151294
0.00011000144165430286  0.036071665560716656
0.00011008396336597149  0.0360185799601858
0.00011016648507764014  0.03593895155938952
0.00011024900678930879  0.03591240875912409
0.00011033152850097742  0.03588586595885866
0.00011041405021264607  0.035859323158593234
0.00011049657192431472  0.035859323158593234
0.00011057909363598337  0.035859323158593234
0.000110661615347652  0.035832780358327807
0.00011074413705932065  0.03577969475779695
0.0001108266587709893  0.03572660915726609
0.00011090918048265794  0.03570006635700066
0.00011099170219432658  0.03567352355673523
0.00011107422390599523  0.03556735235567352
0.00011115674561766387  0.03546118115461181
0.00011123926732933252  0.03543463835434638
0.00011132178904100116  0.03543463835434638
0.0001114043107526698  0.03538155275381553
0.00011148683246433845  0.0353550099535501
0.00011156935417600709  0.03532846715328467
0.00011165187588767574  0.035275381552753816
0.00011173439759934438  0.03522229595222296
0.00011181691931101303  0.035169210351692105
0.00011189944102268167  0.03514266755142668
0.00011198196273435031  0.03511612475116125
0.00011206448444601896  0.035063039150630394
0.00011214700615768761  0.03500995355009954
0.00011222952786935624  0.034983410749834104
0.00011231204958102489  0.03493032514930325
0.00011239457129269354  0.03487723954877239
0.00011247709300436217  0.034850696748506965
0.00011255961471603082  0.03479761114797611
0.00011264213642769947  0.03479761114797611
0.00011272465813936812  0.03477106834771068
0.00011280717985103675  0.03477106834771068
0.0001128897015627054  0.03477106834771068
0.00011297222327437405  0.034744525547445254
0.0001130547449860427  0.034744525547445254
0.00011313726669771133  0.034717982747179826
0.00011321978840937998  0.0346914399469144
0.00011330231012104863  0.034611811546118115
0.00011338483183271726  0.03455872594558726
0.00011346735354438591  0.03453218314532183
0.00011354987525605456  0.034479097544790976
0.0001136323969677232  0.03442601194426012
0.00011371491867939184  0.034372926343729265
0.00011379744039106049  0.034372926343729265
0.00011387996210272914  0.034372926343729265
0.00011396248381439778  0.03431984074319841
0.00011404500552606642  0.03431984074319841
0.00011412752723773507  0.03429329794293298
0.00011421004894940371  0.03429329794293298
0.00011429257066107236  0.03429329794293298
0.000114375092372741  0.034240212342402127
0.00011445761408440964  0.034240212342402127
0.00011454013579607829  0.034240212342402127
0.00011462265750774693  0.03413404114134041
0.00011470517921941557  0.03410749834107498
0.00011478770093108422  0.03408095554080955
0.00011487022264275287  0.0340278699402787
0.0001149527443544215  0.0340278699402787
0.00011503526606609015  0.0340278699402787
0.0001151177877777588  0.03397478433974784
0.00011520030948942745  0.033948241539482414
0.00011528283120109608  0.03389515593895156
0.00011536535291276473  0.03386861313868613
0.00011544787462443338  0.0338420703384207
0.00011553039633610201  0.03378898473788985
0.00011561291804777066  0.03378898473788985
0.00011569543975943931  0.03378898473788985
0.00011577796147110796  0.03373589913735899
0.00011586048318277659  0.03373589913735899
0.00011594300489444524  0.033682813536828136
0.00011602552660611389  0.03362972793629728
0.00011610804831778253  0.033576642335766425
0.00011619057002945117  0.033550099535501
0.00011627309174111982  0.03349701393497014
0.00011635561345278847  0.03349701393497014
0.00011643813516445711  0.033470471134704714
0.00011652065687612575  0.03344392833443929
0.0001166031785877944  0.03344392833443929
0.00011668570029946304  0.033390842733908424
0.00011676822201113168  0.033364299933642996
0.00011685074372280033  0.03333775713337757
0.00011693326543446897  0.03331121433311214
0.00011701578714613762  0.03328467153284671
0.00011709830885780626  0.03328467153284671
0.0001171808305694749  0.03320504313205043
0.00011726335228114355  0.033178500331785
0.0001173458739928122  0.033151957531519574
0.00011742839570448083  0.033125414731254146
0.00011751091741614948  0.033125414731254146
0.00011759343912781813  0.03304578633045786
0.00011767596083948676  0.03299270072992701
0.00011775848255115541  0.03299270072992701
0.00011784100426282406  0.03299270072992701
0.00011792352597449271  0.03299270072992701
0.00011800604768616134  0.03293961512939615
0.00011808856939782999  0.03293961512939615
0.00011817109110949864  0.03293961512939615
0.00011825361282116729  0.03283344392833444
0.00011833613453283592  0.03280690112806901
0.00011841865624450457  0.032780358327803585
0.00011850117795617322  0.03272727272727273
0.00011858369966784187  0.03272727272727273
0.0001186662213795105  0.032674187126741874
0.00011874874309117915  0.032674187126741874
0.0001188312648028478  0.032674187126741874
0.00011891378651451643  0.032674187126741874
0.00011899630822618508  0.032674187126741874
0.00011907882993785373  0.03264764432647645
0.00011916135164952237  0.03262110152621101
0.00011924387336119101  0.03254147312541473
0.00011932639507285966  0.03254147312541473
0.0001194089167845283  0.03248838752488387
0.00011949143849619695  0.032461844724618445
0.00011957396020786559  0.03243530192435302
0.00011965648191953423  0.03238221632382216
0.00011973900363120288  0.03224950232249502
0.00011982152534287152  0.03224950232249502
0.00011990404705454016  0.03219641672196417
0.00011998656876620881  0.03214333112143331
0.00012006909047787746  0.03214333112143331
0.0001201516121895461  0.03214333112143331
0.00012023413390121474  0.032116788321167884
0.00012031665561288339  0.032116788321167884
0.00012039917732455204  0.032090245520902456
0.00012048169903622067  0.032090245520902456
0.00012056422074788932  0.032090245520902456
0.00012064674245955797  0.03206370272063703
0.0001207292641712266  0.031984074319840745
0.00012081178588289525  0.03190444591904446
0.0001208943075945639  0.03190444591904446
0.00012097682930623255  0.03185136031851361
0.00012105935101790118  0.03182481751824817
0.00012114187272956983  0.03182481751824817
0.00012122439444123848  0.03182481751824817
0.00012130691615290713  0.03182481751824817
0.00012138943786457576  0.03174518911745189
0.00012147195957624441  0.031665560716655605
0.00012155448128791306  0.03161247511612475
0.0001216370029995817  0.03161247511612475
0.00012171952471125034  0.03158593231585932
0.00012180204642291899  0.03150630391506304
0.00012188456813458763  0.03145321831453218
0.00012196708984625627  0.031426675514266755
0.00012204961155792492  0.03140013271400133
0.00012213213326959355  0.0313735899137359
0.0001222146549812622  0.031320504313205044
0.00012229717669293085  0.031293961512939616
0.0001223796984045995  0.03126741871267419
0.00012246222011626814  0.03121433311214333
0.0001225447418279368  0.031187790311877902
0.00012262726353960544  0.031187790311877902
0.0001227097852512741  0.031161247511612474
0.0001227923069629427  0.03110816191108162
0.00012287482867461136  0.03110816191108162
0.00012295735038628  0.03108161911081619
0.00012303987209794865  0.03108161911081619
0.0001231223938096173  0.031055076310550763
0.00012320491552128595  0.031001990710019908
0.0001232874372329546  0.03097544790975448
0.00012336995894462322  0.03097544790975448
0.00012345248065629186  0.030948905109489052
0.0001235350023679605  0.030948905109489052
0.00012361752407962916  0.030895819508958196
0.0001237000457912978  0.030842733908427337
0.00012378256750296646  0.03081619110816191
0.0001238650892146351  0.030789648307896482
0.00012394761092630372  0.030763105507631054
0.00012403013263797237  0.030736562707365626
0.00012411265434964102  0.030736562707365626
0.00012419517606130967  0.030736562707365626
0.00012427769777297832  0.0307100199071002
0.00012436021948464696  0.0307100199071002
0.0001244427411963156  0.03068347710683477
0.00012452526290798426  0.030656934306569343
0.00012460778461965288  0.030656934306569343
0.00012469030633132153  0.030656934306569343
0.00012477282804299018  0.03057730590577306
0.00012485534975465883  0.030524220305242204
0.00012493787146632747  0.030524220305242204
0.00012502039317799612  0.030497677504976776
0.00012510291488966477  0.030444591904445917
0.0001251854366013334  0.03041804910418049
0.00012526795831300204  0.03041804910418049
0.00012535048002467069  0.030391506303915062
0.00012543300173633933  0.030338420703384206
0.00012551552344800798  0.03028533510285335
0.00012559804515967663  0.03028533510285335
0.00012568056687134528  0.030232249502322495
0.00012576308858301393  0.03017916390179164
0.00012584561029468255  0.030152621101526212
0.0001259281320063512  0.030152621101526212
0.00012601065371801984  0.030152621101526212
0.0001260931754296885  0.030126078301260784
0.00012617569714135714  0.030099535500995356
0.00012625821885302579  0.03007299270072993
0.00012634074056469443  0.030046449900464497
0.00012642326227636305  0.03001990710019907
0.0001265057839880317  0.03001990710019907
0.00012658830569970035  0.029993364299933642
0.000126670827411369  0.029993364299933642
0.00012675334912303765  0.029940278699402786
0.0001268358708347063  0.029940278699402786
0.00012691839254637494  0.02991373589913736
0.00012700091425804356  0.02991373589913736
0.0001270834359697122  0.02988719309887193
0.00012716595768138086  0.02988719309887193
0.0001272484793930495  0.029860650298606503
0.00012733100110471816  0.029807564698075648
0.0001274135228163868  0.02978102189781022
0.00012749604452805545  0.029754479097544792
0.0001275785662397241  0.029727936297279364
0.00012766108795139272  0.029727936297279364
0.00012774360966306137  0.029727936297279364
0.00012782613137473002  0.029701393497013936
0.00012790865308639866  0.029648307896483077
0.0001279911747980673  0.029648307896483077
0.00012807369650973596  0.02962176509621765
0.0001281562182214046  0.02962176509621765
0.00012823873993307323  0.029595222295952222
0.00012832126164474188  0.029542136695421366
0.00012840378335641052  0.029542136695421366
0.00012848630506807917  0.02951559389515594
0.00012856882677974782  0.029462508294625083
0.00012865134849141647  0.029435965494359655
0.00012873387020308512  0.029409422694094228
0.00012881639191475376  0.029409422694094228
0.00012889891362642239  0.029409422694094228
0.00012898143533809103  0.029356337093563372
0.00012906395704975968  0.029329794293297944
0.00012914647876142833  0.029329794293297944
0.00012922900047309698  0.029329794293297944
0.00012931152218476562  0.029329794293297944
0.00012939404389643427  0.029329794293297944
0.0001294765656081029  0.029329794293297944
0.00012955908731977154  0.029303251493032517
0.0001296416090314402  0.029250165892501657
0.00012972413074310884  0.029250165892501657
0.00012980665245477749  0.02922362309223623
0.00012988917416644613  0.02922362309223623
0.00012997169587811478  0.029197080291970802
0.00013005421758978343  0.029143994691439946
0.00013013673930145205  0.029143994691439946
0.0001302192610131207  0.02909090909090909
0.00013030178272478935  0.029064366290643663
0.000130384304436458  0.029064366290643663
0.00013046682614812664  0.029064366290643663
0.0001305493478597953  0.029011280690112808
0.00013063186957146394  0.02898473788984738
0.00013071439128313256  0.028931652289316524
0.0001307969129948012  0.028905109489051097
0.00013087943470646985  0.028852023888520237
0.0001309619564181385  0.02882548108825481
0.00013104447812980715  0.02882548108825481
0.0001311269998414758  0.028798938287989382
0.00013120952155314445  0.028772395487723954
0.00013129204326481307  0.028772395487723954
0.00013137456497648172  0.028772395487723954
0.00013145708668815036  0.0287193098871931
0.000131539608399819  0.0287193098871931
0.00013162213011148766  0.028666224286662243
0.0001317046518231563  0.028613138686131388
0.00013178717353482496  0.028613138686131388
0.0001318696952464936  0.028613138686131388
0.00013195221695816222  0.02858659588586596
0.00013203473866983087  0.02858659588586596
0.00013211726038149952  0.02858659588586596
0.00013219978209316817  0.02858659588586596
0.00013228230380483682  0.02858659588586596
0.00013236482551650546  0.02858659588586596
0.0001324473472281741  0.02858659588586596
0.00013252986893984273  0.028533510285335104
0.00013261239065151138  0.028533510285335104
0.00013269491236318003  0.028533510285335104
0.00013277743407484868  0.028480424684804245
0.00013285995578651732  0.028480424684804245
0.00013294247749818597  0.028480424684804245
0.00013302499920985462  0.028480424684804245
0.00013310752092152327  0.028480424684804245
0.0001331900426331919  0.028453881884538818
0.00013327256434486054  0.028453881884538818
0.00013335508605652918  0.028453881884538818
0.00013343760776819783  0.02842733908427339
0.00013352012947986648  0.02832116788321168
0.00013360265119153513  0.02829462508294625
0.00013368517290320378  0.028268082282680823
0.0001337676946148724  0.028214996682149968
0.00013385021632654105  0.02818845388188454
0.0001339327380382097  0.028161911081619112
0.00013401525974987834  0.028161911081619112
0.000134097781461547  0.028161911081619112
0.00013418030317321564  0.028161911081619112
0.00013426282488488429  0.028161911081619112
0.0001343453465965529  0.028161911081619112
0.00013442786830822155  0.028108825481088257
0.0001345103900198902  0.028082282680822825
0.00013459291173155885  0.02802919708029197
0.0001346754334432275  0.02802919708029197
0.00013475795515489615  0.02802919708029197
0.0001348404768665648  0.02802919708029197
0.00013492299857823344  0.028002654280026542
0.00013500552028990206  0.027976111479761114
0.0001350880420015707  0.027976111479761114
0.00013517056371323936  0.027949568679495686
0.000135253085424908  0.027869940278699403
0.00013533560713657665  0.027843397478433975
0.0001354181288482453  0.027816854678168548
0.00013550065055991395  0.027763769077637692
0.00013558317227158257  0.027763769077637692
0.00013566569398325122  0.027737226277372264
0.00013574821569491987  0.027737226277372264
0.00013583073740658852  0.027657597876575978
0.00013591325911825716  0.027657597876575978
0.0001359957808299258  0.02763105507631055
0.00013607830254159446  0.02763105507631055
0.0001361608242532631  0.02763105507631055
0.00013624334596493173  0.02763105507631055
0.00013632586767660038  0.027604512276045122
0.00013640838938826902  0.027577969475779694
0.00013649091109993767  0.027551426675514266
0.00013657343281160632  0.02752488387524884
0.00013665595452327497  0.02752488387524884
0.00013673847623494362  0.027471798274717983
0.00013682099794661224  0.027471798274717983
0.00013690351965828088  0.027445255474452555
0.00013698604136994953  0.027445255474452555
0.00013706856308161818  0.027445255474452555
0.00013715108479328683  0.027418712674187128
0.00013723360650495548  0.0273921698739217
0.00013731612821662412  0.027339084273390844
0.00013739864992829277  0.027285998672859985
0.0001374811716399614  0.027259455872594558
0.00013756369335163004  0.027206370272063702
0.0001376462150632987  0.027153284671532846
0.00013772873677496734  0.02712674187126742
0.00013781125848663598  0.02712674187126742
0.00013789378019830463  0.02710019907100199
0.00013797630190997328  0.027047113470471135
0.0001380588236216419  0.027020570670205708
0.00013814134533331055  0.02699402786994028
0.0001382238670449792  0.026967485069674852
0.00013830638875664785  0.026967485069674852
0.0001383889104683165  0.026967485069674852
0.00013847143217998514  0.026914399469143993
0.0001385539538916538  0.026887856668878565
0.0001386364756033224  0.026887856668878565
0.00013871899731499106  0.026861313868613138
0.0001388015190266597  0.026861313868613138
0.00013888404073832835  0.026861313868613138
0.000138966562449997  0.026861313868613138
0.00013904908416166565  0.026861313868613138
0.0001391316058733343  0.026861313868613138
0.00013921412758500295  0.02683477106834771
0.00013929664929667157  0.02683477106834771
0.00013937917100834021  0.02683477106834771
0.00013946169272000886  0.026781685467816854
0.0001395442144316775  0.026781685467816854
0.00013962673614334616  0.026755142667551426
0.0001397092578550148  0.026728599867286
0.00013979177956668345  0.02670205706702057
0.00013987430127835208  0.02670205706702057
0.00013995682299002072  0.02670205706702057
0.00014003934470168937  0.026675514266755143
0.00014012186641335802  0.026622428666224288
0.00014020438812502667  0.026569343065693432
0.00014028690983669531  0.026542800265428004
0.00014036943154836396  0.026516257465162573
0.0001404519532600326  0.026489714664897145
0.00014053447497170123  0.026463171864631718
0.00014061699668336988  0.02643662906436629
0.00014069951839503853  0.026410086264100862
0.00014078204010670718  0.026410086264100862
0.00014086456181837582  0.026410086264100862
0.00014094708353004447  0.026383543463835434
0.00014102960524171312  0.026357000663570006
0.00014111212695338174  0.026357000663570006
0.0001411946486650504  0.02633045786330458
0.00014127717037671904  0.02630391506303915
0.00014135969208838768  0.02630391506303915
0.00014144221380005633  0.02630391506303915
0.00014152473551172498  0.026277372262773723
0.00014160725722339363  0.026277372262773723
0.00014168977893506225  0.026277372262773723
0.0001417723006467309  0.026277372262773723
0.00014185482235839954  0.026224286662242868
0.0001419373440700682  0.026224286662242868
0.00014201986578173684  0.026144658261446584
0.0001421023874934055  0.026144658261446584
0.00014218490920507414  0.026091572660915725
0.00014226743091674278  0.026011944260119442
0.0001423499526284114  0.025985401459854014
0.00014243247434008005  0.02593231585932316
0.0001425149960517487  0.02593231585932316
0.00014259751776341735  0.02593231585932316
0.000142680039475086  0.02593231585932316
0.00014276256118675465  0.02593231585932316
0.0001428450828984233  0.02590577305905773
0.00014292760461009191  0.02590577305905773
0.00014301012632176056  0.02590577305905773
0.0001430926480334292  0.025879230258792303
0.00014317516974509786  0.025826144658261448
0.0001432576914567665  0.025826144658261448
0.00014334021316843515  0.025826144658261448
0.0001434227348801038  0.025773059057730592
0.00014350525659177245  0.02574651625746516
0.00014358777830344107  0.025719973457199733
0.00014367030001510972  0.025666887856668878
0.00014375282172677837  0.02564034505640345
0.00014383534343844701  0.02564034505640345
0.00014391786515011566  0.025560716655607166
0.0001440003868617843  0.025560716655607166
0.00014408290857345296  0.02553417385534174
0.00014416543028512158  0.02553417385534174
0.00014424795199679023  0.02550763105507631
0.00014433047370845887  0.02550763105507631
0.00014441299542012752  0.02550763105507631
0.00014449551713179617  0.025481088254810883
0.00014457803884346482  0.025454545454545455
0.00014466056055513347  0.025428002654280028
0.00014474308226680211  0.0254014598540146
0.00014482560397847074  0.025374917053749172
0.00014490812569013938  0.02534837425348374
0.00014499064740180803  0.025321831453218313
0.00014507316911347668  0.025268745852687458
0.00014515569082514533  0.02524220305242203
0.00014523821253681398  0.02524220305242203
0.00014532073424848262  0.025189117451891174
0.00014540325596015124  0.02510948905109489
0.0001454857776718199  0.02510948905109489
0.00014556829938348854  0.025082946250829463
0.0001456508210951572  0.025082946250829463
0.00014573334280682584  0.025082946250829463
0.00014581586451849448  0.025082946250829463
0.00014589838623016313  0.025082946250829463
0.00014598090794183175  0.025056403450564035
0.0001460634296535004  0.025056403450564035
0.00014614595136516905  0.025056403450564035
0.0001462284730768377  0.025056403450564035
0.00014631099478850634  0.02500331785003318
0.000146393516500175  0.02495023224950232
0.00014647603821184364  0.02495023224950232
0.0001465585599235123  0.024897146648971465
0.0001466410816351809  0.024870603848706038
0.00014672360334684956  0.024870603848706038
0.0001468061250585182  0.024870603848706038
0.00014688864677018685  0.024790975447909754
0.0001469711684818555  0.024790975447909754
0.00014705369019352415  0.024684804246848043
0.0001471362119051928  0.024658261446582615
0.00014721873361686142  0.02460517584605176
0.00014730125532853007  0.0245520902455209
0.00014738377704019871  0.02444591904445919
0.00014746629875186736  0.024419376244193762
0.000147548820463536  0.024392833443928334
0.00014763134217520466  0.02433974784339748
0.0001477138638868733  0.02431320504313205
0.00014779638559854195  0.02431320504313205
0.00014787890731021057  0.02431320504313205
0.00014796142902187922  0.02431320504313205
0.00014804395073354787  0.02431320504313205
0.00014812647244521652  0.02431320504313205
0.00014820899415688517  0.02431320504313205
0.00014829151586855381  0.02431320504313205
0.00014837403758022246  0.024286662242866623
0.00014845655929189108  0.024286662242866623
0.00014853908100355973  0.024260119442601195
0.00014862160271522838  0.024233576642335768
0.00014870412442689703  0.02420703384207034
0.00014878664613856567  0.02420703384207034
0.00014886916785023432  0.024180491041804912
0.00014895168956190297  0.02415394824153948
0.0001490342112735716  0.02415394824153948
0.00014911673298524024  0.02415394824153948
0.0001491992546969089  0.024127405441274053
0.00014928177640857754  0.024127405441274053
0.00014936429812024618  0.024127405441274053
0.00014944681983191483  0.024100862641008625
0.00014952934154358348  0.024074319840743198
0.00014961186325525213  0.024074319840743198
0.00014969438496692075  0.024074319840743198
0.0001497769066785894  0.024074319840743198
0.00014985942839025804  0.024021234240212342
0.0001499419501019267  0.02394160583941606
0.00015002447181359534  0.02394160583941606
0.000150106993525264  0.023888520238885203
0.00015018951523693264  0.023835434638354348
0.00015027203694860126  0.023835434638354348
0.0001503545586602699  0.023835434638354348
0.00015043708037193855  0.023835434638354348
0.0001505196020836072  0.02375580623755806
0.00015060212379527585  0.02375580623755806
0.0001506846455069445  0.023729263437292633
0.00015076716721861314  0.023729263437292633
0.0001508496889302818  0.023702720637027205
0.0001509322106419504  0.023702720637027205
0.00015101473235361906  0.023702720637027205
0.0001510972540652877  0.023676177836761778
0.00015117977577695636  0.023676177836761778
0.000151262297488625  0.023676177836761778
0.00015134481920029365  0.023623092236230922
0.0001514273409119623  0.023623092236230922
0.00015150986262363092  0.023596549435965494
0.00015159238433529957  0.023596549435965494
0.00015167490604696822  0.023570006635700066
0.00015175742775863687  0.023570006635700066
0.0001518399494703055  0.02351692103516921
0.00015192247118197416  0.02351692103516921
0.0001520049928936428  0.023490378234903783
0.00015208751460531146  0.023490378234903783
0.00015217003631698008  0.023490378234903783
0.00015225255802864873  0.023463835434638355
0.00015233507974031737  0.023463835434638355
0.00015241760145198602  0.0234107498341075
0.00015250012316365467  0.023331121433311213
0.00015258264487532332  0.023304578633045785
0.00015266516658699197  0.023304578633045785
0.0001527476882986606  0.023278035832780358
0.00015283021001032923  0.02325149303251493
0.00015291273172199788  0.023224950232249502
0.00015299525343366653  0.023198407431984074
0.00015307777514533518  0.02314532183145322
0.00015316029685700383  0.02314532183145322
0.00015324281856867247  0.02314532183145322
0.0001533253402803411  0.02311877903118779
0.00015340786199200974  0.02311877903118779
0.0001534903837036784  0.023092236230922363
0.00015357290541534704  0.023092236230922363
0.0001536554271270157  0.023065693430656935
0.00015373794883868434  0.023065693430656935
0.00015382047055035298  0.023039150630391508
0.00015390299226202163  0.02301260783012608
0.00015398551397369025  0.02301260783012608
0.0001540680356853589  0.02298606502986065
0.00015415055739702755  0.022932979429329793
0.0001542330791086962  0.022906436629064365
0.00015431560082036484  0.022879893828798938
0.0001543981225320335  0.022879893828798938
0.00015448064424370214  0.02285335102853351
0.00015456316595537076  0.02285335102853351
0.0001546456876670394  0.02285335102853351
0.00015472820937870806  0.02285335102853351
0.0001548107310903767  0.02285335102853351
0.00015489325280204535  0.022826808228268082
0.000154975774513714  0.022826808228268082
0.00015505829622538265  0.022800265428002654
0.0001551408179370513  0.0227471798274718
0.00015522333964871992  0.0227471798274718
0.00015530586136038856  0.022694094226940943
0.0001553883830720572  0.022694094226940943
0.00015547090478372586  0.022694094226940943
0.0001555534264953945  0.022694094226940943
0.00015563594820706316  0.022667551426675515
0.0001557184699187318  0.022641008626410088
0.00015580099163040043  0.0225613802256138
0.00015588351334206907  0.022534837425348373
0.00015596603505373772  0.022534837425348373
0.00015604855676540637  0.022534837425348373
0.00015613107847707502  0.022534837425348373
0.00015621360018874367  0.022508294625082945
0.0001562961219004123  0.022508294625082945
0.00015637864361208093  0.022481751824817518
0.00015646116532374958  0.022481751824817518
0.00015654368703541823  0.022428666224286662
0.00015662620874708688  0.022375580623755807
0.00015670873045875553  0.02234903782349038
0.00015679125217042417  0.02232249502322495
0.00015687377388209282  0.02232249502322495
0.00015695629559376147  0.02232249502322495
0.0001570388173054301  0.022295952222959523
0.00015712133901709874  0.022269409422694095
0.0001572038607287674  0.022269409422694095
0.00015728638244043603  0.022242866622428668
0.00015736890415210468  0.02221632382216324
0.00015745142586377333  0.02216323822163238
0.00015753394757544198  0.02216323822163238
0.0001576164692871106  0.022110152621101525
0.00015769899099877925  0.022083609820836098
0.0001577815127104479  0.022083609820836098
0.00015786403442211654  0.022083609820836098
0.0001579465561337852  0.022083609820836098
0.00015802907784545384  0.022083609820836098
0.0001581115995571225  0.022083609820836098
0.00015819412126879113  0.022083609820836098
0.00015827664298045976  0.022083609820836098
0.0001583591646921284  0.02205706702057067
0.00015844168640379705  0.022030524220305242
0.0001585242081154657  0.021977438619774387
0.00015860672982713435  0.02195089581950896
0.000158689251538803  0.02195089581950896
0.00015877177325047164  0.02195089581950896
0.00015885429496214026  0.02195089581950896
0.0001589368166738089  0.021897810218978103
0.00015901933838547756  0.021844724618447248
0.0001591018600971462  0.021844724618447248
0.00015918438180881486  0.021844724618447248
0.0001592669035204835  0.02181818181818182
0.00015934942523215215  0.02181818181818182
0.0001594319469438208  0.021738553417385533
0.00015951446865548942  0.021738553417385533
0.00015959699036715807  0.021685467816854678
0.00015967951207882672  0.021685467816854678
0.00015976203379049536  0.02165892501658925
0.000159844555502164  0.02165892501658925
0.00015992707721383266  0.02165892501658925
0.0001600095989255013  0.02165892501658925
0.00016009212063716993  0.021605839416058394
0.00016017464234883858  0.021579296615792967
0.00016025716406050723  0.021579296615792967
0.00016033968577217587  0.021579296615792967
0.00016042220748384452  0.021579296615792967
0.00016050472919551317  0.02155275381552754
0.00016058725090718182  0.02152621101526211
0.00016066977261885044  0.02152621101526211
0.00016075229433051909  0.021499668214996683
0.00016083481604218773  0.021499668214996683
0.00016091733775385638  0.021446582614465828
0.00016099985946552503  0.021446582614465828
0.00016108238117719368  0.021420039814200396
0.00016116490288886233  0.021420039814200396
0.00016124742460053097  0.021420039814200396
0.0001613299463121996  0.021420039814200396
0.00016141246802386824  0.02139349701393497
0.0001614949897355369  0.02136695421366954
0.00016157751144720554  0.02136695421366954
0.00016166003315887419  0.02136695421366954
0.00016174255487054283  0.021313868613138685
0.00016182507658221148  0.021313868613138685
0.0001619075982938801  0.021234240212342402
0.00016199012000554875  0.021181154611811547
0.0001620726417172174  0.021181154611811547
0.00016215516342888605  0.02115461181154612
0.0001622376851405547  0.021074983410749835
0.00016232020685222334  0.021074983410749835
0.000162402728563892  0.021074983410749835
0.00016248525027556064  0.021074983410749835
0.00016256777198722926  0.021074983410749835
0.0001626502936988979  0.021021897810218976
0.00016273281541056656  0.02099535500995355
0.0001628153371222352  0.020942269409422693
0.00016289785883390385  0.020942269409422693
0.0001629803805455725  0.020942269409422693
0.00016306290225724115  0.020942269409422693
0.00016314542396890977  0.020942269409422693
0.00016322794568057842  0.020915726609157265
0.00016331046739224706  0.020889183808891838
0.0001633929891039157  0.020836098208360982
0.00016347551081558436  0.020809555408095554
0.000163558032527253  0.020809555408095554
0.00016364055423892166  0.020809555408095554
0.00016372307595059028  0.020809555408095554
0.00016380559766225892  0.020809555408095554
0.00016388811937392757  0.0207564698075647
0.00016397064108559622  0.0207564698075647
0.00016405316279726487  0.0207564698075647
0.00016413568450893352  0.02072992700729927
0.00016421820622060216  0.02072992700729927
0.0001643007279322708  0.020676841406768415
0.00016438324964393943  0.020650298606502988
0.00016446577135560808  0.02059721300597213
0.00016454829306727673  0.0205706702057067
0.00016463081477894538  0.0205706702057067
0.00016471333649061403  0.0205706702057067
0.00016479585820228267  0.0205706702057067
0.00016487837991395132  0.0205706702057067
0.00016496090162561994  0.020517584605175845
0.0001650434233372886  0.020517584605175845
