1  0.9493563370935634
2  0.9319442601194426
3  0.9107365627073656
4  0.8889714664897147
5  0.86821499668215
6  0.8475116124751161
7  0.8275248838752488
8  0.809051094890511
9  0.7919309887193099
10  0.7757664233576642
11  0.7597080291970802
12  0.7448440610484406
13  0.7317319177173192
14  0.7177969475779695
15  0.7050033178500332
16  0.6926609157266091
17  0.6811944260119442
18  0.6699402786994028
19  0.6596682149966822
20  0.6483875248838753
21  0.6376376907763769
22  0.6275248838752489
23  0.6187657597876576
24  0.6092103516921035
25  0.5994691439946914
26  0.5912939615129397
27  0.5831187790311878
28  0.576244193762442
29  0.5680424684804247
30  0.5611944260119442
31  0.5542136695421367
32  0.547657597876576
33  0.5410749834107499
34  0.5346516257465163
35  0.5277239548772396
36  0.5212740544127406
37  0.515540809555408
38  0.5098075646980756
39  0.503941605839416
40  0.498234903782349
41  0.492899800928998
42  0.4878566688785667
43  0.4826542800265428
44  0.47777040477770405
45  0.4732050431320504
46  0.46901128069011283
47  0.46412740544127407
48  0.459349701393497
49  0.45534173855341736
50  0.45082946250829464
51  0.4469011280690113
52  0.4431585932315859
53  0.43920371599203717
54  0.43503649635036495
55  0.4314266755142668
56  0.42715328467153285
57  0.42378234903782347
58  0.4196947577969476
59  0.4158195089581951
60  0.4121831453218315
61  0.4083609820836098
62  0.40557398805573985
63  0.40214996682149967
64  0.3985932315859323
65  0.3957531519575315
66  0.3929130723291307
67  0.38988719309887193
68  0.3869674850696749
69  0.38354346383543464
70  0.380650298606503
71  0.3772528201725282
72  0.3746516257465163
73  0.371970802919708
74  0.36921035169210353
75  0.36610484406104843
76  0.36374253483742536
77  0.36111479761114795
78  0.35832780358327804
79  0.35612475116124753
80  0.35312541473125414
81  0.3506834771068348
82  0.3480026542800265
83  0.34582614465826145
84  0.3434903782349038
85  0.34091572660915725
86  0.3388453881884539
87  0.3370139349701394
88  0.33473125414731253
89  0.33266091572660916
90  0.3299800928998009
91  0.32783012607830125
92  0.3257597876575979
93  0.3237956204379562
94  0.3218314532183145
95  0.31957531519575316
96  0.3175580623755806
97  0.3156735235567352
98  0.3134704711347047
99  0.31150630391506307
100  0.3095155938951559
101  0.30725945587259457
102  0.3051625746516258
103  0.30309223623092235
104  0.30144658261446583
105  0.29927007299270075
106  0.29767750497677503
107  0.2960053085600531
108  0.2942800265428003
109  0.29210351692103514
110  0.2903516921035169
111  0.28849369608493697
112  0.28658261446582617
113  0.284963503649635
114  0.28315859323158593
115  0.28164565361645655
116  0.2803450564034506
117  0.2785932315859323
118  0.27692103516921035
119  0.2756204379562044
120  0.27424021234240215
121  0.27278035832780356
122  0.27076310550763105
123  0.26925016589250167
124  0.268029197080292
125  0.2665693430656934
126  0.26537491705374916
127  0.26394160583941606
128  0.2624286662242867
129  0.2611280690112807
130  0.25977438619774385
131  0.2585003317850033
132  0.2571731917717319
133  0.2557133377571334
134  0.25446582614465824
135  0.25343065693430655
136  0.2522362309223623
137  0.25112143331121434
138  0.2494757796947578
139  0.24820172528201725
140  0.24692767086927672
141  0.24562707365627073
142  0.24475116124751162
143  0.24329130723291306
144  0.2420968812209688
145  0.24087591240875914
146  0.23989382879893828
147  0.23901791639017916
148  0.23785003317850034
149  0.2368679495686795
150  0.23546118115461181
151  0.23445255474452556
152  0.23360318513603184
153  0.23256801592568016
154  0.2313735899137359
155  0.22988719309887193
156  0.22882548108825482
157  0.22765759787657597
158  0.22662242866622428
159  0.22561380225613803
160  0.22441937624419375
161  0.22319840743198407
162  0.22189781021897811
163  0.22096881220968811
164  0.22017252820172528
165  0.2192435301924353
166  0.21807564698075646
167  0.21719973457199734
168  0.21632382216323823
169  0.21531519575315194
170  0.2143065693430657
171  0.21332448573324486
172  0.2123158593231586
173  0.21154611811546117
174  0.21040477770404778
175  0.20979429329794294
176  0.2084406104844061
177  0.20769741207697412
178  0.20660915726609158
179  0.20568015925680158
180  0.20480424684804246
181  0.2037956204379562
182  0.20268082282680822
183  0.2019110816191108
184  0.20111479761114798
185  0.20023888520238886
186  0.19949568679495686
187  0.19861977438619774
188  0.19777040477770405
189  0.1968679495686795
190  0.19599203715992036
191  0.19493032514930325
192  0.1942136695421367
193  0.19315195753151956
194  0.19238221632382216
195  0.19161247511612475
196  0.19092236230922363
197  0.19009953550099534
198  0.18927670869276708
199  0.18863968148639682
200  0.1880557398805574
201  0.1871798274717983
202  0.18614465826144658
203  0.18532183145321832
204  0.18468480424684805
205  0.1838885202388852
206  0.18311877903118778
207  0.18250829462508295
208  0.1816058394160584
209  0.1809422694094227
210  0.18017252820172527
211  0.17929661579296616
212  0.17868613138686132
213  0.1781021897810219
214  0.17738553417385533
215  0.17666887856668878
216  0.1761114797611148
217  0.1752621101526211
218  0.17457199734572
219  0.17406768414067683
220  0.17340411413404114
221  0.17284671532846715
222  0.17244857332448574
223  0.17181154611811547
224  0.1712010617120106
225  0.17067020570670205
226  0.16990046449900464
227  0.16926343729263438
228  0.16859986728599868
229  0.16798938287989382
230  0.16745852687458526
231  0.1669276708692767
232  0.16610484406104845
233  0.16536164565361647
234  0.1649369608493696
235  0.16448573324485732
236  0.16387524883875249
237  0.16326476443264765
238  0.1628400796284008
239  0.16228268082282682
240  0.16177836761778366
241  0.1612475116124751
242  0.1608493696084937
243  0.16026542800265428
244  0.1597080291970803
245  0.15917717319177174
246  0.15861977438619773
247  0.15824817518248174
248  0.15761114797611148
249  0.15721300597213006
250  0.1566821499668215
251  0.1562043795620438
252  0.15551426675514265
253  0.15490378234903782
254  0.1543994691439947
255  0.15397478433974784
256  0.15357664233576643
257  0.1530723291307233
258  0.15240875912408758
259  0.15201061712010616
260  0.15163901791639017
261  0.15110816191108162
262  0.15065693430656935
263  0.1503384207033842
264  0.14980756469807566
265  0.1493032514930325
266  0.14861313868613138
267  0.14802919708029197
268  0.14752488387524884
269  0.147100199071002
270  0.14667551426675515
271  0.14622428666224285
272  0.14574651625746515
273  0.1452156602521566
274  0.14468480424684804
275  0.14423357664233577
276  0.14383543463835435
277  0.14338420703384208
278  0.14290643662906435
279  0.14245520902455208
280  0.14216323822163238
281  0.1417120106171201
282  0.14115461181154612
283  0.14091572660915727
284  0.14043795620437957
285  0.14011944260119444
286  0.139721300597213
287  0.13927007299270072
288  0.13884538818845388
289  0.1383941605839416
290  0.13812873258128733
291  0.13770404777704048
292  0.1371466489714665
293  0.13674850696748506
294  0.1364034505640345
295  0.13605839416058393
296  0.1358460517584605
297  0.13547445255474452
298  0.13512939615129396
299  0.1347843397478434
300  0.13438619774386198
301  0.13398805573988057
302  0.13369608493696086
303  0.13313868613138685
304  0.13268745852687458
305  0.13247511612475116
306  0.13210351692103517
307  0.1318380889183809
308  0.13143994691439947
309  0.13106834771068349
310  0.13061712010617121
311  0.13027206370272063
312  0.12992700729927006
313  0.12942269409422694
314  0.12905109489051095
315  0.1286264100862641
316  0.1281486396814864
317  0.12777704047777041
318  0.127378898473789
319  0.1270338420703384
320  0.12658261446582614
321  0.12631718646317186
322  0.12589250165892502
323  0.12541473125414732
324  0.12496350364963503
325  0.12453881884538819
326  0.1241672196416722
327  0.12392833443928335
328  0.12363636363636364
329  0.12323822163238221
330  0.12291970802919708
331  0.1226542800265428
332  0.12222959522229596
333  0.1218845388188454
334  0.12145985401459854
335  0.1211413404114134
336  0.12087591240875913
337  0.12045122760451228
338  0.12021234240212342
339  0.12005308560053085
340  0.11970802919708029
341  0.11941605839416058
342  0.11909754479097545
343  0.11877903118779032
344  0.11854014598540145
345  0.11824817518248175
346  0.11792966157929662
347  0.11763769077637691
348  0.1173457199734572
349  0.11692103516921035
350  0.11670869276708692
351  0.11639017916390179
352  0.11623092236230922
353  0.11591240875912409
354  0.11564698075646981
355  0.11503649635036496
356  0.11461181154611812
357  0.11429329794293298
358  0.11397478433974784
359  0.1136562707365627
360  0.11349701393497014
361  0.11323158593231586
362  0.11296615792966158
363  0.11285998672859987
364  0.11264764432647645
365  0.11240875912408758
366  0.1121433311214333
367  0.1120371599203716
368  0.11171864631718646
369  0.11150630391506304
370  0.1113735899137359
371  0.11118779031187791
372  0.11097544790975448
373  0.11057730590577305
374  0.11025879230258792
375  0.10996682149966822
376  0.1097544790975448
377  0.10940942269409423
378  0.10914399469143994
379  0.10882548108825481
380  0.10869276708692767
381  0.10845388188453882
382  0.10829462508294625
383  0.10818845388188454
384  0.10781685467816855
385  0.10760451227604512
386  0.10728599867285998
387  0.10710019907100199
388  0.10670205706702057
389  0.1064366290643663
390  0.10627737226277373
391  0.10611811546118115
392  0.10595885865958858
393  0.10579960185799601
394  0.10548108825481088
395  0.10510948905109489
396  0.1049236894492369
397  0.10479097544790976
398  0.10457863304578634
399  0.10431320504313205
400  0.10426011944260119
401  0.10399469143994691
402  0.10375580623755806
403  0.10346383543463836
404  0.10325149303251493
405  0.10290643662906436
406  0.10266755142667551
407  0.10253483742534837
408  0.10213669542136695
409  0.10195089581950896
410  0.10163238221632383
411  0.10128732581287325
412  0.10112806901128069
413  0.10096881220968812
414  0.10086264100862641
415  0.10059721300597213
416  0.10035832780358328
417  0.10017252820172529
418  0.09996018579960186
419  0.09982747179827471
420  0.09961512939615129
421  0.09945587259455872
422  0.09921698739216987
423  0.09908427339084273
424  0.09892501658925017
425  0.09863304578633046
426  0.0982879893828799
427  0.0982083609820836
428  0.09812873258128732
429  0.09804910418049104
430  0.09794293297942933
431  0.09781021897810219
432  0.09762441937624419
433  0.09754479097544791
434  0.09741207697412077
435  0.09730590577305906
436  0.09704047777040478
437  0.09688122096881222
438  0.09661579296615792
439  0.09650962176509621
440  0.0964034505640345
441  0.09624419376244193
442  0.0961114797611148
443  0.09581950895819509
444  0.09568679495686795
445  0.09550099535500996
446  0.09534173855341739
447  0.0951559389515594
448  0.09491705374917053
449  0.09473125414731254
450  0.09457199734571997
451  0.09435965494359655
452  0.09417385534173855
453  0.0939349701393497
454  0.09372262773722628
455  0.09348374253483742
456  0.09332448573324485
457  0.09321831453218314
458  0.09292634372926344
459  0.09284671532846715
460  0.09268745852687459
461  0.09255474452554745
462  0.09244857332448574
463  0.09234240212342402
464  0.09220968812209689
465  0.09215660252156603
466  0.09191771731917717
467  0.0917584605175846
468  0.09170537491705374
469  0.09149303251493032
470  0.09130723291307233
471  0.09117451891174519
472  0.09106834771068348
473  0.09090909090909091
474  0.09077637690776377
475  0.0906171201061712
476  0.09048440610484407
477  0.09037823490378234
478  0.09016589250165892
479  0.08987392169873921
480  0.08982083609820836
481  0.08968812209688122
482  0.08960849369608494
483  0.08942269409422694
484  0.08926343729263438
485  0.08907763769077638
486  0.08881220968812209
487  0.08878566688785666
488  0.08875912408759123
489  0.0886264100862641
490  0.08846715328467153
491  0.08822826808228268
492  0.08809555408095554
493  0.08790975447909755
494  0.08769741207697412
495  0.08751161247511613
496  0.08737889847378899
497  0.08727272727272728
498  0.08716655607166555
499  0.08706038487060384
500  0.08687458526874585
501  0.08676841406768414
502  0.08658261446582614
503  0.0863437292634373
504  0.08618447246184473
505  0.08607830126078302
506  0.08594558725945588
507  0.08570670205706703
508  0.08554744525547445
509  0.08549435965494359
510  0.08536164565361645
511  0.08520238885202389
512  0.08506967485069675
513  0.08499004644990046
514  0.08493696084936961
515  0.0848307896483079
516  0.08467153284671533
517  0.08443264764432648
518  0.08432647644326477
519  0.0841672196416722
520  0.08403450564034505
521  0.08384870603848706
522  0.08368944923689449
523  0.08353019243530192
524  0.08347710683477107
525  0.08339747843397478
526  0.08329130723291307
527  0.08315859323158593
528  0.08305242203052422
529  0.08294625082946251
530  0.08289316522893166
531  0.0826542800265428
532  0.08260119442601195
533  0.08257465162574652
534  0.08241539482415394
535  0.08233576642335766
536  0.08209688122096881
537  0.08188453881884539
538  0.08172528201725282
539  0.08167219641672196
540  0.08153948241539483
541  0.08143331121433312
542  0.08124751161247512
543  0.08114134041141341
544  0.08100862641008627
545  0.08084936960849369
546  0.08079628400796283
547  0.08063702720637027
548  0.0804777704047777
549  0.08042468480424685
550  0.08026542800265428
551  0.080185799601858
552  0.08
553  0.07992037159920372
554  0.07978765759787658
555  0.07968148639681487
556  0.07962840079628401
557  0.07957531519575316
558  0.07946914399469145
559  0.07944260119442602
560  0.07936297279362972
561  0.07925680159256801
562  0.0791506303915063
563  0.07909754479097544
564  0.07901791639017916
565  0.07888520238885202
566  0.07875248838752488
567  0.0786728599867286
568  0.07854014598540146
569  0.07843397478433975
570  0.07835434638354347
571  0.07830126078301261
572  0.07822163238221633
573  0.07814200398142004
574  0.07808891838088919
575  0.07803583278035833
576  0.07792966157929662
577  0.07787657597876577
578  0.07774386197743861
579  0.07769077637690776
580  0.07766423357664233
581  0.07761114797611147
582  0.07758460517584605
583  0.07745189117451891
584  0.07745189117451891
585  0.07723954877239549
586  0.07713337757133377
587  0.07692103516921035
588  0.07689449236894493
589  0.0768679495686795
590  0.07678832116788321
591  0.07670869276708693
592  0.07665560716655608
593  0.07654943596549436
594  0.07644326476443265
595  0.07636363636363637
596  0.07625746516257464
597  0.07617783676177836
598  0.07607166556071665
599  0.07599203715992037
600  0.07588586595885866
601  0.0758327803583278
602  0.07577969475779694
603  0.0756469807564698
604  0.0755408095554081
605  0.07543463835434638
606  0.07532846715328467
607  0.07522229595222296
608  0.07511612475116125
609  0.07508958195089582
610  0.07490378234903783
611  0.07471798274717983
612  0.07466489714664896
613  0.07453218314532183
614  0.07437292634372926
615  0.07426675514266755
616  0.07424021234240212
617  0.07416058394160584
618  0.07405441274054413
619  0.07400132714001327
620  0.07392169873921699
621  0.07389515593895156
622  0.07378898473788985
623  0.07370935633709357
624  0.07357664233576643
625  0.07349701393497014
626  0.07341738553417386
627  0.07323158593231587
628  0.07312541473125415
629  0.07309887193098871
630  0.07307232913072328
631  0.072992700729927
632  0.07285998672859986
633  0.07275381552753815
634  0.07267418712674187
635  0.07254147312541473
636  0.07232913072329131
637  0.07219641672196417
638  0.07214333112143331
639  0.07198407431984075
640  0.07190444591904446
641  0.07182481751824818
642  0.0717451891174519
643  0.07163901791639019
644  0.07158593231585933
645  0.07153284671532846
646  0.07145321831453218
647  0.07132050431320504
648  0.07126741871267418
649  0.07113470471134704
650  0.07094890510948905
651  0.07084273390842734
652  0.07073656270736563
653  0.07057730590577306
654  0.07044459190444592
655  0.07039150630391507
656  0.07039150630391507
657  0.07036496350364964
658  0.07036496350364964
659  0.07020570670205707
660  0.07009953550099536
661  0.06999336429993365
662  0.06991373589913735
663  0.06978102189781021
664  0.06975447909754479
665  0.06972793629727936
666  0.06972793629727936
667  0.06970139349701393
668  0.06962176509621765
669  0.06959522229595222
670  0.06959522229595222
671  0.06954213669542136
672  0.06948905109489051
673  0.06940942269409422
674  0.06932979429329794
675  0.06925016589250166
676  0.06911745189117452
677  0.06898473788984738
678  0.06887856668878567
679  0.06874585268745853
680  0.06866622428666225
681  0.06845388188453883
682  0.0684273390842734
683  0.06837425348374253
684  0.0683477106834771
685  0.06832116788321167
686  0.06829462508294624
687  0.06821499668214996
688  0.06808228268082282
689  0.0680557398805574
690  0.06792302587923026
691  0.06784339747843397
692  0.06781685467816854
693  0.06771068347710683
694  0.06763105507631055
695  0.06760451227604512
696  0.06744525547445256
697  0.0673921698739217
698  0.06728599867285999
699  0.0672063702720637
700  0.06717982747179828
701  0.06715328467153285
702  0.06702057067020571
703  0.06702057067020571
704  0.06696748506967486
705  0.06686131386861315
706  0.06672859986728599
707  0.06670205706702056
708  0.06656934306569343
709  0.06648971466489714
710  0.06643662906436629
711  0.06633045786330458
712  0.06630391506303915
713  0.06625082946250829
714  0.06611811546118115
715  0.06601194426011944
716  0.06598540145985402
717  0.06593231585932316
718  0.06590577305905773
719  0.06579960185799602
720  0.06561380225613803
721  0.06556071665560717
722  0.06548108825481089
723  0.06537491705374918
724  0.06534837425348375
725  0.06532183145321832
726  0.06532183145321832
727  0.06526874585268747
728  0.06524220305242202
729  0.06516257465162574
730  0.06505640345056403
731  0.06497677504976775
732  0.06487060384870603
733  0.06479097544790975
734  0.06471134704711347
735  0.06457863304578633
736  0.06449900464499005
737  0.06441937624419376
738  0.06433974784339748
739  0.06428666224286662
740  0.06423357664233577
741  0.06412740544127406
742  0.06410086264100863
743  0.06402123424021235
744  0.06399469143994692
745  0.06386197743861978
746  0.06380889183808892
747  0.0637823490378235
748  0.06375580623755807
749  0.06372926343729264
750  0.06364963503649634
751  0.06357000663570006
752  0.06346383543463835
753  0.06338420703384207
754  0.0632249502322495
755  0.0630391506303915
756  0.06301260783012608
757  0.06295952222959522
758  0.06290643662906437
759  0.06285335102853351
760  0.06285335102853351
761  0.06280026542800266
762  0.06266755142667552
763  0.06253483742534838
764  0.06245520902455209
765  0.06240212342402123
766  0.06229595222295952
767  0.06216323822163238
768  0.062136695421366954
769  0.0620836098208361
770  0.06197743861977439
771  0.06192435301924353
772  0.061871267418712676
773  0.06181818181818182
774  0.061765096217650965
775  0.0617120106171201
776  0.061579296615792964
777  0.06147312541473125
778  0.06139349701393497
779  0.061313868613138686
780  0.06128732581287326
781  0.06118115461181155
782  0.061074983410749836
783  0.0609422694094227
784  0.060889183808891835
785  0.060756469807564696
786  0.06070338420703384
787  0.060650298606502985
788  0.06062375580623756
789  0.06059721300597213
790  0.060517584605175846
791  0.06046449900464499
792  0.06043795620437956
793  0.06035832780358328
794  0.060278699402786996
795  0.06019907100199071
796  0.060172528201725285
797  0.06006635700066357
798  0.06003981420039814
799  0.059986728599867284
800  0.059907100199071
801  0.059854014598540145
802  0.05980092899800929
803  0.05977438619774386
804  0.05969475779694758
805  0.05964167219641672
806  0.05953550099535501
807  0.059482415394824156
808  0.059376244193762445
809  0.05932315859323158
810  0.05927007299270073
811  0.05913735899137359
812  0.05908427339084273
813  0.05903118779031188
814  0.05889847378898474
815  0.05884538818845388
816  0.0587657597876576
817  0.05865958858659589
818  0.05860650298606503
819  0.05852687458526874
820  0.05847378898473789
821  0.05844724618447246
822  0.058394160583941604
823  0.05831453218314532
824  0.05820836098208361
825  0.05818181818181818
826  0.0581021897810219
827  0.05807564698075647
828  0.05804910418049104
829  0.05796947577969476
830  0.05796947577969476
831  0.057916390179163904
832  0.05786330457863305
833  0.057783676177836765
834  0.05765096217650962
835  0.057571333775713336
836  0.05754479097544791
837  0.05749170537491705
838  0.05738553417385534
839  0.05730590577305906
840  0.05727936297279363
841  0.05727936297279363
842  0.05714664897146649
843  0.05704047777040478
844  0.05698739216987392
845  0.05698739216987392
846  0.05698739216987392
847  0.05685467816854678
848  0.056801592568015924
849  0.05674850696748507
850  0.05674850696748507
851  0.05672196416721964
852  0.05664233576642336
853  0.056562707365627074
854  0.05648307896483079
855  0.05640345056403451
856  0.05640345056403451
857  0.056323822163238224
858  0.056323822163238224
859  0.056323822163238224
860  0.056297279362972796
861  0.05621765096217651
862  0.05613802256138022
863  0.056111479761114795
864  0.05603185136031851
865  0.05603185136031851
866  0.056005308560053084
867  0.05589913735899137
868  0.055766423357664234
869  0.05571333775713338
870  0.05566025215660252
871  0.055500995355009956
872  0.0554479097544791
873  0.0554479097544791
874  0.05536828135368281
875  0.05534173855341738
876  0.05534173855341738
877  0.055315195753151955
878  0.055315195753151955
879  0.05528865295288653
880  0.05528865295288653
881  0.05510285335102853
882  0.05510285335102853
883  0.055076310550763105
884  0.05499668214996682
885  0.05491705374917054
886  0.05486396814863968
887  0.0547843397478434
888  0.05475779694757797
889  0.05457199734571997
890  0.054518911745189115
891  0.05449236894492369
892  0.05443928334439283
893  0.05435965494359655
894  0.05433311214333112
895  0.05430656934306569
896  0.05422694094226941
897  0.05420039814200398
898  0.05420039814200398
899  0.0541207697412077
900  0.05406768414067684
901  0.05398805573988056
902  0.053908427339084276
903  0.05388188453881885
904  0.05385534173855342
905  0.0537491705374917
906  0.05366954213669542
907  0.053616456536164564
908  0.053457199734572
909  0.05332448573324486
910  0.05329794293297943
911  0.053271400132714
912  0.053138686131386864
913  0.053059057730590574
914  0.05297942932979429
915  0.05297942932979429
916  0.05284671532846715
917  0.052793629727936296
918  0.052687458526874585
919  0.05252820172528202
920  0.05250165892501659
921  0.052448573324485735
922  0.05242203052422031
923  0.05242203052422031
924  0.05236894492368945
925  0.052342402123424024
926  0.052315859323158596
927  0.05228931652289317
928  0.052262773722627734
929  0.05220968812209688
930  0.05220968812209688
931  0.05210351692103517
932  0.05210351692103517
933  0.051997345719973456
934  0.05197080291970803
935  0.0519442601194426
936  0.051785003317850034
937  0.051758460517584606
938  0.05170537491705375
939  0.05162574651625747
940  0.051546118115461184
941  0.051466489714664894
942  0.05136031851360318
943  0.051333775713337755
944  0.051333775713337755
945  0.0512806901128069
946  0.051201061712010616
947  0.05114797611147976
948  0.05112143331121433
949  0.05106834771068348
950  0.05106834771068348
951  0.05104180491041805
952  0.05101526211015262
953  0.050962176509621766
954  0.05088254810882548
955  0.05088254810882548
956  0.050723291307232916
957  0.05069674850696748
958  0.050670205706702054
959  0.05059057730590577
960  0.05059057730590577
961  0.05056403450564034
962  0.050537491705374915
963  0.05045786330457863
964  0.050431320504313204
965  0.050404777704047776
966  0.05037823490378235
967  0.050298606502986065
968  0.05021897810218978
969  0.050192435301924354
970  0.0501393497013935
971  0.05000663570006636
972  0.04998009289980093
973  0.049927007299270076
974  0.049873921698739214
975  0.0497677504976775
976  0.04968812209688122
977  0.049608493696084936
978  0.04958195089581951
979  0.04958195089581951
980  0.049502322495023225
981  0.0494757796947578
982  0.049369608493696086
983  0.04931652289316523
984  0.049263437292634375
985  0.049263437292634375
986  0.04918380889183809
987  0.049157266091572664
988  0.0491041804910418
989  0.04902455209024552
990  0.04897146648971466
991  0.048944923689449235
992  0.04886529528865295
993  0.048838752488387524
994  0.04878566688785667
995  0.048706038487060385
996  0.048706038487060385
997  0.048706038487060385
998  0.04865295288652953
999  0.04865295288652953
1000  0.0486264100862641
1001  0.04852023888520239
1002  0.048467153284671535
1003  0.04841406768414068
1004  0.048360982083609824
1005  0.048281353682813534
1006  0.048254810882548106
1007  0.04822826808228268
1008  0.04822826808228268
1009  0.04817518248175182
1010  0.04812209688122097
1011  0.048042468480424684
1012  0.04798938287989383
1013  0.04798938287989383
1014  0.04798938287989383
1015  0.0479628400796284
1016  0.047909754479097545
1017  0.047803583278035834
1018  0.047777040477770406
1019  0.04772395487723955
1020  0.04772395487723955
1021  0.047670869276708695
1022  0.04761778367617784
1023  0.04759124087591241
1024  0.04759124087591241
1025  0.047485069674850694
1026  0.047352355673523555
1027  0.047352355673523555
1028  0.04727272727272727
1029  0.047246184472461844
1030  0.047219641672196416
1031  0.047219641672196416
1032  0.047219641672196416
1033  0.04719309887193099
1034  0.04719309887193099
1035  0.047113470471134705
1036  0.047113470471134705
1037  0.047007299270072994
1038  0.04692767086927671
1039  0.04684804246848043
1040  0.04679495686794957
1041  0.04671532846715328
1042  0.04660915726609157
1043  0.04647644326476443
1044  0.04639681486396815
1045  0.046317186463171865
1046  0.046317186463171865
1047  0.04629064366290644
1048  0.04623755806237558
1049  0.046211015262110154
1050  0.046078301260783015
1051  0.04602521566025216
1052  0.0459721300597213
1053  0.045892501658925014
1054  0.04583941605839416
1055  0.045759787657597875
1056  0.045759787657597875
1057  0.045653616456536164
1058  0.04560053085600531
1059  0.045520902455209025
1060  0.0454943596549436
1061  0.04544127405441274
1062  0.045414731254147314
1063  0.045414731254147314
1064  0.045414731254147314
1065  0.045388188453881886
1066  0.04536164565361646
1067  0.045282017252820175
1068  0.045202388852023885
1069  0.04517584605175846
1070  0.04514930325149303
1071  0.045069674850696746
1072  0.045069674850696746
1073  0.045069674850696746
1074  0.04504313205043132
1075  0.04501658925016589
1076  0.04499004644990046
1077  0.044963503649635035
1078  0.04491041804910418
1079  0.044857332448573324
1080  0.044857332448573324
1081  0.044857332448573324
1082  0.04477770404777704
1083  0.04475116124751161
1084  0.044724618447246185
1085  0.04469807564698076
1086  0.044591904445919046
1087  0.04456536164565362
1088  0.04451227604512276
1089  0.044485733244857335
1090  0.044485733244857335
1091  0.04445919044459191
1092  0.044406104844061045
1093  0.044299933642999334
1094  0.044273390842733906
1095  0.044273390842733906
1096  0.04424684804246848
1097  0.04424684804246848
1098  0.04424684804246848
1099  0.04424684804246848
1100  0.04424684804246848
1101  0.04414067684140677
1102  0.04411413404114134
1103  0.044061048440610484
1104  0.044061048440610484
1105  0.044034505640345056
1106  0.04400796284007963
1107  0.04400796284007963
1108  0.0439814200398142
1109  0.04395487723954877
1110  0.04387524883875249
1111  0.04384870603848706
1112  0.043795620437956206
1113  0.04371599203715992
1114  0.04358327803583278
1115  0.04355673523556735
1116  0.043503649635036494
1117  0.04345056403450564
1118  0.04339747843397478
1119  0.04334439283344393
1120  0.043238221632382216
1121  0.04318513603185136
1122  0.04318513603185136
1123  0.043132050431320505
1124  0.04305242203052422
1125  0.04305242203052422
1126  0.04305242203052422
1127  0.042999336429993366
1128  0.042893165228931655
1129  0.04284007962840079
1130  0.04278699402786994
1131  0.042680822826808226
1132  0.042680822826808226
1133  0.0426542800265428
1134  0.04252156602521566
1135  0.04249502322495023
1136  0.04249502322495023
1137  0.04241539482415395
1138  0.04238885202388852
1139  0.042335766423357665
1140  0.04230922362309224
1141  0.04230922362309224
1142  0.04225613802256138
1143  0.042229595222295954
1144  0.042229595222295954
1145  0.04214996682149967
1146  0.04207033842070339
1147  0.04207033842070339
1148  0.04204379562043795
1149  0.04204379562043795
1150  0.0419907100199071
1151  0.0419907100199071
1152  0.04196416721964167
1153  0.041911081619110814
1154  0.04185799601857996
1155  0.04183145321831453
1156  0.0418049104180491
1157  0.04169873921698739
1158  0.041672196416721964
1159  0.041645653616456536
1160  0.04161911081619111
1161  0.04161911081619111
1162  0.04161911081619111
1163  0.04161911081619111
1164  0.04148639681486397
1165  0.041433311214333114
1166  0.041406768414067686
1167  0.04135368281353683
1168  0.041300597213005975
1169  0.041220968812209685
1170  0.041220968812209685
1171  0.04116788321167883
1172  0.041114797611147974
1173  0.04106171201061712
1174  0.04100862641008626
1175  0.04095554080955541
1176  0.04090245520902455
1177  0.040849369608493696
1178  0.04082282680822827
1179  0.04082282680822827
1180  0.04079628400796284
1181  0.040743198407431985
1182  0.0406635700066357
1183  0.04058394160583942
1184  0.04053085600530856
1185  0.040504313205043135
1186  0.040504313205043135
1187  0.040504313205043135
1188  0.04045122760451227
1189  0.040424684804246845
1190  0.04039814200398142
1191  0.04037159920371599
1192  0.040291970802919706
1193  0.040291970802919706
1194  0.040291970802919706
1195  0.04021234240212342
1196  0.04015925680159257
1197  0.04010617120106171
1198  0.040079628400796284
1199  0.03997345719973457
1200  0.039946914399469145
1201  0.03992037159920372
1202  0.03992037159920372
1203  0.03989382879893829
1204  0.03989382879893829
1205  0.039840743198407434
1206  0.039840743198407434
1207  0.039840743198407434
1208  0.03978765759787658
1209  0.03978765759787658
1210  0.03973457199734572
1211  0.039708029197080295
1212  0.03965494359654943
1213  0.039628400796284005
1214  0.039628400796284005
1215  0.03960185799601858
1216  0.03960185799601858
1217  0.03957531519575315
1218  0.039495686794956866
1219  0.039495686794956866
1220  0.03946914399469144
1221  0.03944260119442601
1222  0.039389515593895155
1223  0.03936297279362973
1224  0.03936297279362973
1225  0.0393364299933643
1226  0.03930988719309887
1227  0.039283344392833444
1228  0.039283344392833444
1229  0.039256801592568016
1230  0.03920371599203716
1231  0.03912408759124088
1232  0.03912408759124088
1233  0.03912408759124088
1234  0.03909754479097545
1235  0.03907100199071002
1236  0.03899137358991374
1237  0.03891174518911745
1238  0.038832116788321165
1239  0.03880557398805574
1240  0.03877903118779031
1241  0.03875248838752488
1242  0.038699402786994026
1243  0.0386728599867286
1244  0.0386728599867286
1245  0.03861977438619774
1246  0.03861977438619774
1247  0.038593231585932315
1248  0.038593231585932315
1249  0.03854014598540146
1250  0.03854014598540146
1251  0.03854014598540146
1252  0.03851360318513603
1253  0.038487060384870604
1254  0.03843397478433975
1255  0.03843397478433975
1256  0.03840743198407432
1257  0.03840743198407432
1258  0.03838088918380889
1259  0.038354346383543465
1260  0.038354346383543465
1261  0.03830126078301261
1262  0.03827471798274718
1263  0.03827471798274718
1264  0.03816854678168547
1265  0.038035832780358325
1266  0.03798274717982747
1267  0.03798274717982747
1268  0.037903118779031186
1269  0.0378234903782349
1270  0.03777040477770405
1271  0.03771731917717319
1272  0.037664233576642336
1273  0.03763769077637691
1274  0.03761114797611148
1275  0.03750497677504977
1276  0.03750497677504977
1277  0.03747843397478434
1278  0.03737226277372263
1279  0.03731917717319177
1280  0.03731917717319177
1281  0.03729263437292634
1282  0.03726609157266091
1283  0.03726609157266091
1284  0.03726609157266091
1285  0.037239548772395485
1286  0.037239548772395485
1287  0.037239548772395485
1288  0.037239548772395485
1289  0.03718646317186463
1290  0.03718646317186463
1291  0.0371599203715992
1292  0.037106834771068346
1293  0.03708029197080292
1294  0.03705374917053749
1295  0.03705374917053749
1296  0.03705374917053749
1297  0.03705374917053749
1298  0.03705374917053749
1299  0.03702720637027206
1300  0.03697412076974121
1301  0.03694757796947578
1302  0.03694757796947578
1303  0.03692103516921035
1304  0.036867949568679496
1305  0.036867949568679496
1306  0.03678832116788321
1307  0.036761778367617785
1308  0.03673523556735236
1309  0.03673523556735236
1310  0.03670869276708693
1311  0.03670869276708693
1312  0.0366821499668215
1313  0.03660252156602522
1314  0.03660252156602522
1315  0.03657597876575979
1316  0.03646980756469807
1317  0.03646980756469807
1318  0.03646980756469807
1319  0.03646980756469807
1320  0.036443264764432645
1321  0.03641672196416722
1322  0.03641672196416722
1323  0.03636363636363636
1324  0.036337093563370934
1325  0.036337093563370934
1326  0.036310550763105506
1327  0.036310550763105506
1328  0.036310550763105506
1329  0.036204379562043795
1330  0.03615129396151294
1331  0.03615129396151294
1332  0.03615129396151294
1333  0.036071665560716656
1334  0.0360185799601858
1335  0.03593895155938952
1336  0.03591240875912409
1337  0.03588586595885866
1338  0.035859323158593234
1339  0.035859323158593234
1340  0.035859323158593234
1341  0.035832780358327807
1342  0.03577969475779695
1343  0.03572660915726609
1344  0.03570006635700066
1345  0.03567352355673523
1346  0.03556735235567352
1347  0.03546118115461181
1348  0.03543463835434638
1349  0.03543463835434638
1350  0.03538155275381553
1351  0.0353550099535501
1352  0.03532846715328467
1353  0.035275381552753816
1354  0.03522229595222296
1355  0.035169210351692105
1356  0.03514266755142668
1357  0.03511612475116125
1358  0.035063039150630394
1359  0.03500995355009954
1360  0.034983410749834104
1361  0.03493032514930325
1362  0.03487723954877239
1363  0.034850696748506965
1364  0.03479761114797611
1365  0.03479761114797611
1366  0.03477106834771068
1367  0.03477106834771068
1368  0.03477106834771068
1369  0.034744525547445254
1370  0.034744525547445254
1371  0.034717982747179826
1372  0.0346914399469144
1373  0.034611811546118115
1374  0.03455872594558726
1375  0.03453218314532183
1376  0.034479097544790976
1377  0.03442601194426012
1378  0.034372926343729265
1379  0.034372926343729265
1380  0.034372926343729265
1381  0.03431984074319841
1382  0.03431984074319841
1383  0.03429329794293298
1384  0.03429329794293298
1385  0.03429329794293298
1386  0.034240212342402127
1387  0.034240212342402127
1388  0.034240212342402127
1389  0.03413404114134041
1390  0.03410749834107498
1391  0.03408095554080955
1392  0.0340278699402787
1393  0.0340278699402787
1394  0.0340278699402787
1395  0.03397478433974784
1396  0.033948241539482414
1397  0.03389515593895156
1398  0.03386861313868613
1399  0.0338420703384207
1400  0.03378898473788985
1401  0.03378898473788985
1402  0.03378898473788985
1403  0.03373589913735899
1404  0.03373589913735899
1405  0.033682813536828136
1406  0.03362972793629728
1407  0.033576642335766425
1408  0.033550099535501
1409  0.03349701393497014
1410  0.03349701393497014
1411  0.033470471134704714
1412  0.03344392833443929
1413  0.03344392833443929
1414  0.033390842733908424
1415  0.033364299933642996
1416  0.03333775713337757
1417  0.03331121433311214
1418  0.03328467153284671
1419  0.03328467153284671
1420  0.03320504313205043
1421  0.033178500331785
1422  0.033151957531519574
1423  0.033125414731254146
1424  0.033125414731254146
1425  0.03304578633045786
1426  0.03299270072992701
1427  0.03299270072992701
1428  0.03299270072992701
1429  0.03299270072992701
1430  0.03293961512939615
1431  0.03293961512939615
1432  0.03293961512939615
1433  0.03283344392833444
1434  0.03280690112806901
1435  0.032780358327803585
1436  0.03272727272727273
1437  0.03272727272727273
1438  0.032674187126741874
1439  0.032674187126741874
1440  0.032674187126741874
1441  0.032674187126741874
1442  0.032674187126741874
1443  0.03264764432647645
1444  0.03262110152621101
1445  0.03254147312541473
1446  0.03254147312541473
1447  0.03248838752488387
1448  0.032461844724618445
1449  0.03243530192435302
1450  0.03238221632382216
1451  0.03224950232249502
1452  0.03224950232249502
1453  0.03219641672196417
1454  0.03214333112143331
1455  0.03214333112143331
1456  0.03214333112143331
1457  0.032116788321167884
1458  0.032116788321167884
1459  0.032090245520902456
1460  0.032090245520902456
1461  0.032090245520902456
1462  0.03206370272063703
1463  0.031984074319840745
1464  0.03190444591904446
1465  0.03190444591904446
1466  0.03185136031851361
1467  0.03182481751824817
1468  0.03182481751824817
1469  0.03182481751824817
1470  0.03182481751824817
1471  0.03174518911745189
1472  0.031665560716655605
1473  0.03161247511612475
1474  0.03161247511612475
1475  0.03158593231585932
1476  0.03150630391506304
1477  0.03145321831453218
1478  0.031426675514266755
1479  0.03140013271400133
1480  0.0313735899137359
1481  0.031320504313205044
1482  0.031293961512939616
1483  0.03126741871267419
1484  0.03121433311214333
1485  0.031187790311877902
1486  0.031187790311877902
1487  0.031161247511612474
1488  0.03110816191108162
1489  0.03110816191108162
1490  0.03108161911081619
1491  0.03108161911081619
1492  0.031055076310550763
1493  0.031001990710019908
1494  0.03097544790975448
1495  0.03097544790975448
1496  0.030948905109489052
1497  0.030948905109489052
1498  0.030895819508958196
1499  0.030842733908427337
1500  0.03081619110816191
1501  0.030789648307896482
1502  0.030763105507631054
1503  0.030736562707365626
1504  0.030736562707365626
1505  0.030736562707365626
1506  0.0307100199071002
1507  0.0307100199071002
1508  0.03068347710683477
1509  0.030656934306569343
1510  0.030656934306569343
1511  0.030656934306569343
1512  0.03057730590577306
1513  0.030524220305242204
1514  0.030524220305242204
1515  0.030497677504976776
1516  0.030444591904445917
1517  0.03041804910418049
1518  0.03041804910418049
1519  0.030391506303915062
1520  0.030338420703384206
1521  0.03028533510285335
1522  0.03028533510285335
1523  0.030232249502322495
1524  0.03017916390179164
1525  0.030152621101526212
1526  0.030152621101526212
1527  0.030152621101526212
1528  0.030126078301260784
1529  0.030099535500995356
1530  0.03007299270072993
1531  0.030046449900464497
1532  0.03001990710019907
1533  0.03001990710019907
1534  0.029993364299933642
1535  0.029993364299933642
1536  0.029940278699402786
1537  0.029940278699402786
1538  0.02991373589913736
1539  0.02991373589913736
1540  0.02988719309887193
1541  0.02988719309887193
1542  0.029860650298606503
1543  0.029807564698075648
1544  0.02978102189781022
1545  0.029754479097544792
1546  0.029727936297279364
1547  0.029727936297279364
1548  0.029727936297279364
1549  0.029701393497013936
1550  0.029648307896483077
1551  0.029648307896483077
1552  0.02962176509621765
1553  0.02962176509621765
1554  0.029595222295952222
1555  0.029542136695421366
1556  0.029542136695421366
1557  0.02951559389515594
1558  0.029462508294625083
1559  0.029435965494359655
1560  0.029409422694094228
1561  0.029409422694094228
1562  0.029409422694094228
1563  0.029356337093563372
1564  0.029329794293297944
1565  0.029329794293297944
1566  0.029329794293297944
1567  0.029329794293297944
1568  0.029329794293297944
1569  0.029329794293297944
1570  0.029303251493032517
1571  0.029250165892501657
1572  0.029250165892501657
1573  0.02922362309223623
1574  0.02922362309223623
1575  0.029197080291970802
1576  0.029143994691439946
1577  0.029143994691439946
1578  0.02909090909090909
1579  0.029064366290643663
1580  0.029064366290643663
1581  0.029064366290643663
1582  0.029011280690112808
1583  0.02898473788984738
1584  0.028931652289316524
1585  0.028905109489051097
1586  0.028852023888520237
1587  0.02882548108825481
1588  0.02882548108825481
1589  0.028798938287989382
1590  0.028772395487723954
1591  0.028772395487723954
1592  0.028772395487723954
1593  0.0287193098871931
1594  0.0287193098871931
1595  0.028666224286662243
1596  0.028613138686131388
1597  0.028613138686131388
1598  0.028613138686131388
1599  0.02858659588586596
1600  0.02858659588586596
1601  0.02858659588586596
1602  0.02858659588586596
1603  0.02858659588586596
1604  0.02858659588586596
1605  0.02858659588586596
1606  0.028533510285335104
1607  0.028533510285335104
1608  0.028533510285335104
1609  0.028480424684804245
1610  0.028480424684804245
1611  0.028480424684804245
1612  0.028480424684804245
1613  0.028480424684804245
1614  0.028453881884538818
1615  0.028453881884538818
1616  0.028453881884538818
1617  0.02842733908427339
1618  0.02832116788321168
1619  0.02829462508294625
1620  0.028268082282680823
1621  0.028214996682149968
1622  0.02818845388188454
1623  0.028161911081619112
1624  0.028161911081619112
1625  0.028161911081619112
1626  0.028161911081619112
1627  0.028161911081619112
1628  0.028161911081619112
1629  0.028108825481088257
1630  0.028082282680822825
1631  0.02802919708029197
1632  0.02802919708029197
1633  0.02802919708029197
1634  0.02802919708029197
1635  0.028002654280026542
1636  0.027976111479761114
1637  0.027976111479761114
1638  0.027949568679495686
1639  0.027869940278699403
1640  0.027843397478433975
1641  0.027816854678168548
1642  0.027763769077637692
1643  0.027763769077637692
1644  0.027737226277372264
1645  0.027737226277372264
1646  0.027657597876575978
1647  0.027657597876575978
1648  0.02763105507631055
1649  0.02763105507631055
1650  0.02763105507631055
1651  0.02763105507631055
1652  0.027604512276045122
1653  0.027577969475779694
1654  0.027551426675514266
1655  0.02752488387524884
1656  0.02752488387524884
1657  0.027471798274717983
1658  0.027471798274717983
1659  0.027445255474452555
1660  0.027445255474452555
1661  0.027445255474452555
1662  0.027418712674187128
1663  0.0273921698739217
1664  0.027339084273390844
1665  0.027285998672859985
1666  0.027259455872594558
1667  0.027206370272063702
1668  0.027153284671532846
1669  0.02712674187126742
1670  0.02712674187126742
1671  0.02710019907100199
1672  0.027047113470471135
1673  0.027020570670205708
1674  0.02699402786994028
1675  0.026967485069674852
1676  0.026967485069674852
1677  0.026967485069674852
1678  0.026914399469143993
1679  0.026887856668878565
1680  0.026887856668878565
1681  0.026861313868613138
1682  0.026861313868613138
1683  0.026861313868613138
1684  0.026861313868613138
1685  0.026861313868613138
1686  0.026861313868613138
1687  0.02683477106834771
1688  0.02683477106834771
1689  0.02683477106834771
1690  0.026781685467816854
1691  0.026781685467816854
1692  0.026755142667551426
1693  0.026728599867286
1694  0.02670205706702057
1695  0.02670205706702057
1696  0.02670205706702057
1697  0.026675514266755143
1698  0.026622428666224288
1699  0.026569343065693432
1700  0.026542800265428004
1701  0.026516257465162573
1702  0.026489714664897145
1703  0.026463171864631718
1704  0.02643662906436629
1705  0.026410086264100862
1706  0.026410086264100862
1707  0.026410086264100862
1708  0.026383543463835434
1709  0.026357000663570006
1710  0.026357000663570006
1711  0.02633045786330458
1712  0.02630391506303915
1713  0.02630391506303915
1714  0.02630391506303915
1715  0.026277372262773723
1716  0.026277372262773723
1717  0.026277372262773723
1718  0.026277372262773723
1719  0.026224286662242868
1720  0.026224286662242868
1721  0.026144658261446584
1722  0.026144658261446584
1723  0.026091572660915725
1724  0.026011944260119442
1725  0.025985401459854014
1726  0.02593231585932316
1727  0.02593231585932316
1728  0.02593231585932316
1729  0.02593231585932316
1730  0.02593231585932316
1731  0.02590577305905773
1732  0.02590577305905773
1733  0.02590577305905773
1734  0.025879230258792303
1735  0.025826144658261448
1736  0.025826144658261448
1737  0.025826144658261448
1738  0.025773059057730592
1739  0.02574651625746516
1740  0.025719973457199733
1741  0.025666887856668878
1742  0.02564034505640345
1743  0.02564034505640345
1744  0.025560716655607166
1745  0.025560716655607166
1746  0.02553417385534174
1747  0.02553417385534174
1748  0.02550763105507631
1749  0.02550763105507631
1750  0.02550763105507631
1751  0.025481088254810883
1752  0.025454545454545455
1753  0.025428002654280028
1754  0.0254014598540146
1755  0.025374917053749172
1756  0.02534837425348374
1757  0.025321831453218313
1758  0.025268745852687458
1759  0.02524220305242203
1760  0.02524220305242203
1761  0.025189117451891174
1762  0.02510948905109489
1763  0.02510948905109489
1764  0.025082946250829463
1765  0.025082946250829463
1766  0.025082946250829463
1767  0.025082946250829463
1768  0.025082946250829463
1769  0.025056403450564035
1770  0.025056403450564035
1771  0.025056403450564035
1772  0.025056403450564035
1773  0.02500331785003318
1774  0.02495023224950232
1775  0.02495023224950232
1776  0.024897146648971465
1777  0.024870603848706038
1778  0.024870603848706038
1779  0.024870603848706038
1780  0.024790975447909754
1781  0.024790975447909754
1782  0.024684804246848043
1783  0.024658261446582615
1784  0.02460517584605176
1785  0.0245520902455209
1786  0.02444591904445919
1787  0.024419376244193762
1788  0.024392833443928334
1789  0.02433974784339748
1790  0.02431320504313205
1791  0.02431320504313205
1792  0.02431320504313205
1793  0.02431320504313205
1794  0.02431320504313205
1795  0.02431320504313205
1796  0.02431320504313205
1797  0.02431320504313205
1798  0.024286662242866623
1799  0.024286662242866623
1800  0.024260119442601195
1801  0.024233576642335768
1802  0.02420703384207034
1803  0.02420703384207034
1804  0.024180491041804912
1805  0.02415394824153948
1806  0.02415394824153948
1807  0.02415394824153948
1808  0.024127405441274053
1809  0.024127405441274053
1810  0.024127405441274053
1811  0.024100862641008625
1812  0.024074319840743198
1813  0.024074319840743198
1814  0.024074319840743198
1815  0.024074319840743198
1816  0.024021234240212342
1817  0.02394160583941606
1818  0.02394160583941606
1819  0.023888520238885203
1820  0.023835434638354348
1821  0.023835434638354348
1822  0.023835434638354348
1823  0.023835434638354348
1824  0.02375580623755806
1825  0.02375580623755806
1826  0.023729263437292633
1827  0.023729263437292633
1828  0.023702720637027205
1829  0.023702720637027205
1830  0.023702720637027205
1831  0.023676177836761778
1832  0.023676177836761778
1833  0.023676177836761778
1834  0.023623092236230922
1835  0.023623092236230922
1836  0.023596549435965494
1837  0.023596549435965494
1838  0.023570006635700066
1839  0.023570006635700066
1840  0.02351692103516921
1841  0.02351692103516921
1842  0.023490378234903783
1843  0.023490378234903783
1844  0.023490378234903783
1845  0.023463835434638355
1846  0.023463835434638355
1847  0.0234107498341075
1848  0.023331121433311213
1849  0.023304578633045785
1850  0.023304578633045785
1851  0.023278035832780358
1852  0.02325149303251493
1853  0.023224950232249502
1854  0.023198407431984074
1855  0.02314532183145322
1856  0.02314532183145322
1857  0.02314532183145322
1858  0.02311877903118779
1859  0.02311877903118779
1860  0.023092236230922363
1861  0.023092236230922363
1862  0.023065693430656935
1863  0.023065693430656935
1864  0.023039150630391508
1865  0.02301260783012608
1866  0.02301260783012608
1867  0.02298606502986065
1868  0.022932979429329793
1869  0.022906436629064365
1870  0.022879893828798938
1871  0.022879893828798938
1872  0.02285335102853351
1873  0.02285335102853351
1874  0.02285335102853351
1875  0.02285335102853351
1876  0.02285335102853351
1877  0.022826808228268082
1878  0.022826808228268082
1879  0.022800265428002654
1880  0.0227471798274718
1881  0.0227471798274718
1882  0.022694094226940943
1883  0.022694094226940943
1884  0.022694094226940943
1885  0.022694094226940943
1886  0.022667551426675515
1887  0.022641008626410088
1888  0.0225613802256138
1889  0.022534837425348373
1890  0.022534837425348373
1891  0.022534837425348373
1892  0.022534837425348373
1893  0.022508294625082945
1894  0.022508294625082945
1895  0.022481751824817518
1896  0.022481751824817518
1897  0.022428666224286662
1898  0.022375580623755807
1899  0.02234903782349038
1900  0.02232249502322495
1901  0.02232249502322495
1902  0.02232249502322495
1903  0.022295952222959523
1904  0.022269409422694095
1905  0.022269409422694095
1906  0.022242866622428668
1907  0.02221632382216324
1908  0.02216323822163238
1909  0.02216323822163238
1910  0.022110152621101525
1911  0.022083609820836098
1912  0.022083609820836098
1913  0.022083609820836098
1914  0.022083609820836098
1915  0.022083609820836098
1916  0.022083609820836098
1917  0.022083609820836098
1918  0.022083609820836098
1919  0.02205706702057067
1920  0.022030524220305242
1921  0.021977438619774387
1922  0.02195089581950896
1923  0.02195089581950896
1924  0.02195089581950896
1925  0.02195089581950896
1926  0.021897810218978103
1927  0.021844724618447248
1928  0.021844724618447248
1929  0.021844724618447248
1930  0.02181818181818182
1931  0.02181818181818182
1932  0.021738553417385533
1933  0.021738553417385533
1934  0.021685467816854678
1935  0.021685467816854678
1936  0.02165892501658925
1937  0.02165892501658925
1938  0.02165892501658925
1939  0.02165892501658925
1940  0.021605839416058394
1941  0.021579296615792967
1942  0.021579296615792967
1943  0.021579296615792967
1944  0.021579296615792967
1945  0.02155275381552754
1946  0.02152621101526211
1947  0.02152621101526211
1948  0.021499668214996683
1949  0.021499668214996683
1950  0.021446582614465828
1951  0.021446582614465828
1952  0.021420039814200396
1953  0.021420039814200396
1954  0.021420039814200396
1955  0.021420039814200396
1956  0.02139349701393497
1957  0.02136695421366954
1958  0.02136695421366954
1959  0.02136695421366954
1960  0.021313868613138685
1961  0.021313868613138685
1962  0.021234240212342402
1963  0.021181154611811547
1964  0.021181154611811547
1965  0.02115461181154612
1966  0.021074983410749835
1967  0.021074983410749835
1968  0.021074983410749835
1969  0.021074983410749835
1970  0.021074983410749835
1971  0.021021897810218976
1972  0.02099535500995355
1973  0.020942269409422693
1974  0.020942269409422693
1975  0.020942269409422693
1976  0.020942269409422693
1977  0.020942269409422693
1978  0.020915726609157265
1979  0.020889183808891838
1980  0.020836098208360982
1981  0.020809555408095554
1982  0.020809555408095554
1983  0.020809555408095554
1984  0.020809555408095554
1985  0.020809555408095554
1986  0.0207564698075647
1987  0.0207564698075647
1988  0.0207564698075647
1989  0.02072992700729927
1990  0.02072992700729927
1991  0.020676841406768415
1992  0.020650298606502988
1993  0.02059721300597213
1994  0.0205706702057067
1995  0.0205706702057067
1996  0.0205706702057067
1997  0.0205706702057067
1998  0.0205706702057067
1999  0.020517584605175845
2000  0.020517584605175845
